ab44f28e-88c5-44e4-b9bf-484a0d25cd3e, 306d94e4-7176-41fe-843b-69f8e5107c43, 69da255a-1046-4051-9b2e-f90951b4790f, ANR2DA8CED20, (Point, 55.61398573, -4.53817430), 3.55385038, 1709307604, 1709307604, 100, auto, 145.02143622, 12, 1.30000000, -1.10419732, 0, 1.80000000, -0.20345273, -1.39343576, 8.54954512, 2.20045105, 0.00000000
ab44f28e-88c5-44e4-b9bf-484a0d25cd3e, 306d94e4-7176-41fe-843b-69f8e5107c43, 69da255a-1046-4051-9b2e-f90951b4790f, ANR2DA8CED20, (Point, 55.61400035, -4.53817525), 1.60273034, 1709307605, 1709307605, 100, auto, 150.05375808, 12, 1.30000000, -4.49799333, 0, 1.80000000, -0.44880545, -2.51527820, 28.01842791, 2.77090919, 0.00000000
ab44f28e-88c5-44e4-b9bf-484a0d25cd3e, 306d94e4-7176-41fe-843b-69f8e5107c43, 69da255a-1046-4051-9b2e-f90951b4790f, ANR2DA8CED20, (Point, 55.61400468, -4.53817638), 1.08409649, 1709307606, 1709307606, 100, auto, 157.91307696, 12, 1.30000000, -8.60560622, 0, 1.80000000, -0.22083447, -3.57261603, 28.40739078, 3.16751695, 0.00000000
ab44f28e-88c5-44e4-b9bf-484a0d25cd3e, 306d94e4-7176-41fe-843b-69f8e5107c43, 69da255a-1046-4051-9b2e-f90951b4790f, ANR2DA8CED20, (Point, 55.61401132, -4.53817797), 1.62373514, 1709307607, 1709307607, 100, auto, 168.17381561, 12, 1.30000000, -8.03247781, 0, 1.80000000, -0.36686349, -5.14129205, 29.29734410, 3.34929354, 0.00000000
ab44f28e-88c5-44e4-b9bf-484a0d25cd3e, 306d94e4-7176-41fe-843b-69f8e5107c43, 69da255a-1046-4051-9b2e-f90951b4790f, ANR2DA8CED20, (Point, 55.61401845, -4.53818018), 1.48059689, 1709307608, 1709307608, 100, auto, 178.92295937, 12, 1.30000000, -12.53843161, 0, 1.80000000, -0.67819316, -7.15302941, 32.02415332, 3.56686148, 0.00000000
ab44f28e-88c5-44e4-b9bf-484a0d25cd3e, 306d94e4-7176-41fe-843b-69f8e5107c43, 69da255a-1046-4051-9b2e-f90951b4790f, ANR2DA8CED20, (Point, 55.61402493, -4.53818336), 1.45501690, 1709307609, 1709307609, 100, auto, 190.53687676, 12, 1.30000000, -18.57574660, 0, 1.80000000, -0.96911031, -9.84155613, 33.77180030, 3.76086458, 0.00000000
ab44f28e-88c5-44e4-b9bf-484a0d25cd3e, 306d94e4-7176-41fe-843b-69f8e5107c43, 69da255a-1046-4051-9b2e-f90951b4790f, ANR2DA8CED20, (Point, 55.61403117, -4.53818794), 1.47205799, 1709307610, 1709307610, 100, auto, 202.56227089, 12, 1.30000000, -27.15716808, 0, 1.80000000, -1.56220112, -13.75209079, 35.20056503, 3.91971981, 0.00000000
ab44f28e-88c5-44e4-b9bf-484a0d25cd3e, 306d94e4-7176-41fe-843b-69f8e5107c43, 69da255a-1046-4051-9b2e-f90951b4790f, ANR2DA8CED20, (Point, 55.61403689, -4.53819467), 1.49599472, 1709307611, 1709307611, 100, auto, 214.76369948, 12, 1.30000000, -41.44124004, 0, 1.80000000, -2.57736637, -19.61880576, 36.69705268, 4.05656754, 0.00000000
ab44f28e-88c5-44e4-b9bf-484a0d25cd3e, 306d94e4-7176-41fe-843b-69f8e5107c43, 69da255a-1046-4051-9b2e-f90951b4790f, ANR2DA8CED20, (Point, 55.61404131, -4.53820460), 1.68045507, 1709307612, 1709307612, 100, auto, 227.62468755, 12, 1.30000000, -61.93290513, 0, 1.80000000, -4.27814337, -28.73370321, 37.60041483, 4.17266401, 0.00000000
ab44f28e-88c5-44e4-b9bf-484a0d25cd3e, 306d94e4-7176-41fe-843b-69f8e5107c43, 69da255a-1046-4051-9b2e-f90951b4790f, ANR2DA8CED20, (Point, 55.61404427, -4.53822075), 2.29297359, 1709307613, 1709307613, 100, auto, 241.13501463, 12, 1.30000000, -85.34621262, 0, 1.80000000, -7.50990319, -43.31295467, 38.27417726, 4.23501764, 0.00000000
ab44f28e-88c5-44e4-b9bf-484a0d25cd3e, 306d94e4-7176-41fe-843b-69f8e5107c43, 69da255a-1046-4051-9b2e-f90951b4790f, ANR2DA8CED20, (Point, 55.61404115, -4.53824221), 3.18038546, 1709307614, 1709307614, 100, auto, 255.46182304, 12, 1.30000000, -116.37599362, 0, 1.80000000, -11.56532370, -66.51811568, 36.42546249, 3.80448982, 0.00000000
ab44f28e-88c5-44e4-b9bf-484a0d25cd3e, 306d94e4-7176-41fe-843b-69f8e5107c43, 69da255a-1046-4051-9b2e-f90951b4790f, ANR2DA8CED20, (Point, 55.61402856, -4.53826357), 4.79084731, 1709307615, 1709307615, 100, auto, 267.91472087, 12, 1.30000000, -147.63231188, 0, 1.80000000, -16.35655188, -101.58124446, 30.24785161, 3.26166676, 0.00000000
ab44f28e-88c5-44e4-b9bf-484a0d25cd3e, 306d94e4-7176-41fe-843b-69f8e5107c43, 69da255a-1046-4051-9b2e-f90951b4790f, ANR2DA8CED20, (Point, 55.61400368, -4.53827077), 6.49165582, 1709307616, 1709307616, 100, auto, 278.78304942, 12, 1.30000000, 173.80563263, 0, 1.80000000, -18.48000760, -152.91156393, 20.63989890, 2.88845752, 0.00000000
ab44f28e-88c5-44e4-b9bf-484a0d25cd3e, 306d94e4-7176-41fe-843b-69f8e5107c43, 69da255a-1046-4051-9b2e-f90951b4790f, ANR2DA8CED20, (Point, 55.61397217, -4.53824660), 8.15205194, 1709307617, 1709307617, 100, auto, 288.38254502, 12, 1.30000000, 137.92867399, 0, 1.80000000, -18.32752732, 140.41347342, 12.26173649, 2.39936474, 0.00000000
ab44f28e-88c5-44e4-b9bf-484a0d25cd3e, 306d94e4-7176-41fe-843b-69f8e5107c43, 69da255a-1046-4051-9b2e-f90951b4790f, ANR2DA8CED20, (Point, 55.61395804, -4.53819378), 6.96640597, 1709307618, 1709307618, 100, auto, 296.88377742, 12, 1.30000000, 86.21117192, 0, 1.80000000, -19.34995316, 80.19463698, 4.54209774, 1.60168816, 0.00000000
ab44f28e-88c5-44e4-b9bf-484a0d25cd3e, 306d94e4-7176-41fe-843b-69f8e5107c43, 69da255a-1046-4051-9b2e-f90951b4790f, ANR2DA8CED20, (Point, 55.61397800, -4.53814548), 10.90201538, 1709307619, 1709307619, 100, auto, 303.16297871, 12, 1.30000000, 27.87064740, 0, 1.80000000, -26.36221221, 34.19209030, 5.49348751, 2.85446423, 0.00000000
ab44f28e-88c5-44e4-b9bf-484a0d25cd3e, 306d94e4-7176-41fe-843b-69f8e5107c43, 69da255a-1046-4051-9b2e-f90951b4790f, ANR2DA8CED20, (Point, 55.61405637, -4.53809877), 24.40848191, 1709307620, 1709307620, 100, auto, 310.31123107, 12, 1.30000000, 8.78497903, 0, 1.80000000, -30.00597927, 6.48483726, -12.26811009, -1.70006777, 34.19638447
ab44f28e-88c5-44e4-b9bf-484a0d25cd3e, 306d94e4-7176-41fe-843b-69f8e5107c43, 69da255a-1046-4051-9b2e-f90951b4790f, ANR2DA8CED20, (Point, 55.61419551, -4.53811111), 36.52931575, 1709307621, 1709307621, 100, auto, 310.97003033, 12, 1.30000000, -10.85663316, 0, 1.80000000, -29.64120869, -10.92299924, -13.84362075, -3.77343183, 6.47999580
ab44f28e-88c5-44e4-b9bf-484a0d25cd3e, 306d94e4-7176-41fe-843b-69f8e5107c43, 69da255a-1046-4051-9b2e-f90951b4790f, ANR2DA8CED20, (Point, 55.61437998, -4.53821357), 47.13760007, 1709307622, 1709307622, 100, auto, 301.68963547, 12, 1.30000000, -22.70784785, 0, 1.80000000, -21.94956756, -22.68424516, -17.58002764, -7.38129898, -10.93693211
ab44f28e-88c5-44e4-b9bf-484a0d25cd3e, 306d94e4-7176-41fe-843b-69f8e5107c43, 69da255a-1046-4051-9b2e-f90951b4790f, ANR2DA8CED20, (Point, 55.61459876, -4.53839634), 56.80369577, 1709307623, 1709307623, 100, auto, 282.56730496, 12, 1.30000000, -26.08078161, 0, 1.80000000, 0.42954560, -26.09717139, -10.41550610, -4.86287394, -22.70181379
ab44f28e-88c5-44e4-b9bf-484a0d25cd3e, 306d94e4-7176-41fe-843b-69f8e5107c43, 69da255a-1046-4051-9b2e-f90951b4790f, ANR2DA8CED20, (Point, 55.61481019, -4.53857497), 45.09393104, 1709307624, 1709307624, 100, auto, 258.40790649, 12, 1.30000000, -25.14391832, 0, 1.80000000, -2.43845512, -25.26119859, 30.98318447, 14.08543675, -26.09526529
ab44f28e-88c5-44e4-b9bf-484a0d25cd3e, 306d94e4-7176-41fe-843b-69f8e5107c43, 69da255a-1046-4051-9b2e-f90951b4790f, ANR2DA8CED20, (Point, 55.61500154, -4.53877186), 52.15126725, 1709307625, 1709307625, 100, auto, 277.00606775, 12, 1.30000000, -32.42246178, 0, 1.80000000, 29.74297748, -32.11137733, 4.09815252, 1.62167582, -25.24432793
ab44f28e-88c5-44e4-b9bf-484a0d25cd3e, 306d94e4-7176-41fe-843b-69f8e5107c43, 69da255a-1046-4051-9b2e-f90951b4790f, ANR2DA8CED20, (Point, 55.61522738, -4.53895946), 56.07128590, 1709307626, 1709307626, 100, auto, 300.59232523, 12, 1.30000000, -19.73432726, 0, 1.80000000, 30.40973794, -18.87393538, 3.73621541, 2.02722519, -32.10964718
ab44f28e-88c5-44e4-b9bf-484a0d25cd3e, 306d94e4-7176-41fe-843b-69f8e5107c43, 69da255a-1046-4051-9b2e-f90951b4790f, ANR2DA8CED20, (Point, 55.61548167, -4.53907393), 57.01159290, 1709307627, 1709307627, 99, auto, 307.24923584, 12, 1.30000000, -9.04499358, 0, 1.80000000, 30.13960383, -9.10562572, 2.89138855, 1.51091458, -18.84165642
ab44f28e-88c5-44e4-b9bf-484a0d25cd3e, 306d94e4-7176-41fe-843b-69f8e5107c43, 69da255a-1046-4051-9b2e-f90951b4790f, ANR2DA8CED20, (Point, 55.61574466, -4.53910473), 57.10575975, 1709307628, 1709307628, 99, auto, 313.21917665, 12, 1.30000000, 1.44749289, 0, 1.80000000, 30.05002827, 1.31948494, 2.05750958, 1.03553917, -9.07653094
ab44f28e-88c5-44e4-b9bf-484a0d25cd3e, 306d94e4-7176-41fe-843b-69f8e5107c43, 69da255a-1046-4051-9b2e-f90951b4790f, ANR2DA8CED20, (Point, 55.61600660, -4.53904873), 57.15794671, 1709307629, 1709307629, 99, auto, 317.27675564, 12, 1.30000000, 12.18611341, 0, 1.80000000, 30.06975096, 12.16931323, 1.47596146, 0.74503864, 1.34469205
ab44f28e-88c5-44e4-b9bf-484a0d25cd3e, 306d94e4-7176-41fe-843b-69f8e5107c43, 69da255a-1046-4051-9b2e-f90951b4790f, ANR2DA8CED20, (Point, 55.61625807, -4.53890691), 57.18549118, 1709307630, 1709307630, 99, auto, 319.36969856, 12, 1.30000000, 23.02023348, 0, 1.80000000, 30.06735600, 23.01730639, 1.06337394, 0.53755800, 12.18687754
ab44f28e-88c5-44e4-b9bf-484a0d25cd3e, 306d94e4-7176-41fe-843b-69f8e5107c43, 69da255a-1046-4051-9b2e-f90951b4790f, ANR2DA8CED20, (Point, 55.61649001, -4.53868378), 57.20349181, 1709307631, 1709307631, 99, auto, 321.89062880, 12, 1.30000000, 33.90508187, 0, 1.80000000, 30.05968730, 33.91397068, 0.77058724, 0.38192926, 23.02906310
ab44f28e-88c5-44e4-b9bf-484a0d25cd3e, 306d94e4-7176-41fe-843b-69f8e5107c43, 69da255a-1046-4051-9b2e-f90951b4790f, ANR2DA8CED20, (Point, 55.61669392, -4.53838701), 57.21600812, 1709307632, 1709307632, 99, auto, 323.44411401, 12, 1.30000000, 44.82386585, 0, 1.80000000, 30.05571214, 44.85095423, 0.54240542, 0.26104292, 33.91897429
ab44f28e-88c5-44e4-b9bf-484a0d25cd3e, 306d94e4-7176-41fe-843b-69f8e5107c43, 69da255a-1046-4051-9b2e-f90951b4790f, ANR2DA8CED20, (Point, 55.61686225, -4.53802710), 57.22353282, 1709307633, 1709307633, 99, auto, 324.23723151, 12, 1.30000000, 55.78812884, 0, 1.80000000, 30.05315312, 55.82686908, 0.38667491, 0.18135671, 44.85082390
ab44f28e-88c5-44e4-b9bf-484a0d25cd3e, 306d94e4-7176-41fe-843b-69f8e5107c43, 69da255a-1046-4051-9b2e-f90951b4790f, ANR2DA8CED20, (Point, 55.61698875, -4.53761702), 57.23079416, 1709307634, 1709307634, 99, auto, 325.66231239, 12, 1.30000000, 66.77112303, 0, 1.80000000, 30.05078658, 66.82415234, 0.27085514, 0.11753745, 55.82215290
ab44f28e-88c5-44e4-b9bf-484a0d25cd3e, 306d94e4-7176-41fe-843b-69f8e5107c43, 69da255a-1046-4051-9b2e-f90951b4790f, ANR2DA8CED20, (Point, 55.61706865, -4.53717180), 57.23279716, 1709307635, 1709307635, 99, auto, 326.05815828, 12, 1.30000000, 77.77769296, 0, 1.80000000, 30.04910091, 77.83616978, 0.19354393, 0.08035939, 66.81420028
ab44f28e-88c5-44e4-b9bf-484a0d25cd3e, 306d94e4-7176-41fe-843b-69f8e5107c43, 69da255a-1046-4051-9b2e-f90951b4790f, ANR2DA8CED20, (Point, 55.61709895, -4.53670774), 57.23682151, 1709307636, 1709307636, 99, auto, 326.30085550, 12, 1.30000000, 88.79073763, 0, 1.80000000, 30.04754779, 88.85888960, 0.13012885, 0.04553125, 77.82450493
ab44f28e-88c5-44e4-b9bf-484a0d25cd3e, 306d94e4-7176-41fe-843b-69f8e5107c43, 69da255a-1046-4051-9b2e-f90951b4790f, ANR2DA8CED20, (Point, 55.61707847, -4.53624200), 57.23720138, 1709307637, 1709307637, 99, auto, 326.85470224, 12, 1.30000000, 99.81745254, 0, 1.80000000, 30.04645675, 99.88689464, 0.08558769, 0.02665367, 88.84329608
ab44f28e-88c5-44e4-b9bf-484a0d25cd3e, 306d94e4-7176-41fe-843b-69f8e5107c43, 69da255a-1046-4051-9b2e-f90951b4790f, ANR2DA8CED20, (Point, 55.61701190, -4.53578965), 57.21914823, 1709307638, 1709307638, 99, auto, 326.55883788, 12, 1.30000000, 107.16843746, 0, 1.80000000, 0.99010144, 107.30545051, 0.19372399, 0.18651820, 99.87025655
ab44f28e-88c5-44e4-b9bf-484a0d25cd3e, 306d94e4-7176-41fe-843b-69f8e5107c43, 69da255a-1046-4051-9b2e-f90951b4790f, ANR2DA8CED20, (Point, 55.61693396, -4.53534258), 57.23218846, 1709307639, 1709307639, 99, auto, 326.81452935, 12, 1.30000000, 106.76465745, 0, 1.80000000, -2.85719330, 106.72890470, 0.06342346, 0.10983982, 107.29235661
ab44f28e-88c5-44e4-b9bf-484a0d25cd3e, 306d94e4-7176-41fe-843b-69f8e5107c43, 69da255a-1046-4051-9b2e-f90951b4790f, ANR2DA8CED20, (Point, 55.61685980, -4.53489359), 57.23506174, 1709307640, 1709307640, 99, auto, 327.58971881, 12, 1.30000000, 105.76384281, 0, 1.80000000, -3.32566262, 105.76133813, -0.01877042, 0.06390593, 106.73201725
ab44f28e-88c5-44e4-b9bf-484a0d25cd3e, 306d94e4-7176-41fe-843b-69f8e5107c43, 69da255a-1046-4051-9b2e-f90951b4790f, ANR2DA8CED20, (Point, 55.61679046, -4.53444217), 57.23929814, 1709307641, 1709307641, 99, auto, 328.22927338, 12, 1.30000000, 104.62545749, 0, 1.80000000, -3.71333220, 104.60312700, -0.08906655, 0.02367738, 105.77432177
ab44f28e-88c5-44e4-b9bf-484a0d25cd3e, 306d94e4-7176-41fe-843b-69f8e5107c43, 69da255a-1046-4051-9b2e-f90951b4790f, ANR2DA8CED20, (Point, 55.61672652, -4.53398827), 57.24081979, 1709307642, 1709307642, 99, auto, 328.28931528, 12, 1.30000000, 103.36781603, 0, 1.80000000, -4.09210066, 103.32379073, -0.13340800, -0.00406215, 104.62476994
ab44f28e-88c5-44e4-b9bf-484a0d25cd3e, 306d94e4-7176-41fe-843b-69f8e5107c43, 69da255a-1046-4051-9b2e-f90951b4790f, ANR2DA8CED20, (Point, 55.61666855, -4.53353188), 57.24012251, 1709307643, 1709307643, 99, auto, 328.16904839, 12, 1.30000000, 101.99070213, 0, 1.80000000, -4.46382360, 101.92823235, -0.15418430, -0.01795070, 103.35444389
ab44f28e-88c5-44e4-b9bf-484a0d25cd3e, 306d94e4-7176-41fe-843b-69f8e5107c43, 69da255a-1046-4051-9b2e-f90951b4790f, ANR2DA8CED20, (Point, 55.61661712, -4.53307299), 57.24041011, 1709307644, 1709307644, 99, auto, 328.15532719, 12, 1.30000000, 100.49528418, 0, 1.80000000, -4.81275291, 100.41996501, -0.17871523, -0.03372603, 101.96770847
ab44f28e-88c5-44e4-b9bf-484a0d25cd3e, 306d94e4-7176-41fe-843b-69f8e5107c43, 69da255a-1046-4051-9b2e-f90951b4790f, ANR2DA8CED20, (Point, 55.61657276, -4.53261175), 57.24317398, 1709307645, 1709307645, 99, auto, 326.69229145, 12, 1.30000000, 98.88901681, 0, 1.80000000, -5.11894089, 98.80775926, -0.19392876, -0.04673043, 100.46456249
ab44f28e-88c5-44e4-b9bf-484a0d25cd3e, 306d94e4-7176-41fe-843b-69f8e5107c43, 69da255a-1046-4051-9b2e-f90951b4790f, ANR2DA8CED20, (Point, 55.61653597, -4.53214847), 57.23756024, 1709307646, 1709307646, 99, auto, 326.91897872, 12, 1.30000000, 97.19247076, 0, 1.80000000, -5.34594754, 97.10096827, -0.19568350, -0.04202178, 98.85386134
ab44f28e-88c5-44e4-b9bf-484a0d25cd3e, 306d94e4-7176-41fe-843b-69f8e5107c43, 69da255a-1046-4051-9b2e-f90951b4790f, ANR2DA8CED20, (Point, 55.61650737, -4.53167869), 57.20283469, 1709307647, 1709307647, 99, auto, 326.89031057, 12, 1.30000000, 95.04345347, 0, 1.80000000, -6.28403592, 94.74887566, 0.74120137, 0.41007627, 97.15279760
ab44f28e-88c5-44e4-b9bf-484a0d25cd3e, 306d94e4-7176-41fe-843b-69f8e5107c43, 69da255a-1046-4051-9b2e-f90951b4790f, ANR2DA8CED20, (Point, 55.61648913, -4.53121246), 57.11697521, 1709307648, 1709307648, 99, auto, 327.68586757, 12, 1.30000000, 93.09125043, 0, 1.80000000, -5.22292376, 92.97260480, 1.91929702, 1.01496734, 94.80227995
ab44f28e-88c5-44e4-b9bf-484a0d25cd3e, 306d94e4-7176-41fe-843b-69f8e5107c43, 69da255a-1046-4051-9b2e-f90951b4790f, ANR2DA8CED20, (Point, 55.61647926, -4.53074625), 57.02298969, 1709307649, 1709307649, 99, auto, 329.43094107, 12, 1.30000000, 91.31956658, 0, 1.80000000, -5.13501165, 91.22163205, 2.79312872, 1.47298747, 93.02249527
ab44f28e-88c5-44e4-b9bf-484a0d25cd3e, 306d94e4-7176-41fe-843b-69f8e5107c43, 69da255a-1046-4051-9b2e-f90951b4790f, ANR2DA8CED20, (Point, 55.61647744, -4.53028032), 56.95109950, 1709307650, 1709307650, 99, auto, 333.78992989, 12, 1.30000000, 89.59493808, 0, 1.80000000, -4.97337464, 89.50219776, 3.44949980, 1.80786379, 91.27227732
ab44f28e-88c5-44e4-b9bf-484a0d25cd3e, 306d94e4-7176-41fe-843b-69f8e5107c43, 69da255a-1046-4051-9b2e-f90951b4790f, ANR2DA8CED20, (Point, 55.61648336, -4.52981517), 56.88661903, 1709307651, 1709307651, 99, auto, 338.87241720, 12, 1.30000000, 87.95568255, 0, 1.80000000, -4.71224350, 87.85798909, 3.95275109, 2.06961493, 89.54810641
ab44f28e-88c5-44e4-b9bf-484a0d25cd3e, 306d94e4-7176-41fe-843b-69f8e5107c43, 69da255a-1046-4051-9b2e-f90951b4790f, ANR2DA8CED20, (Point, 55.61649656, -4.52935086), 56.84009767, 1709307652, 1709307652, 98, auto, 345.12884211, 12, 1.30000000, 86.42228334, 0, 1.80000000, -4.37440660, 86.32906548, 4.32796453, 2.26561235, 87.90523010
ab44f28e-88c5-44e4-b9bf-484a0d25cd3e, 306d94e4-7176-41fe-843b-69f8e5107c43, 69da255a-1046-4051-9b2e-f90951b4790f, ANR2DA8CED20, (Point, 55.61651646, -4.52888772), 56.79962344, 1709307653, 1709307653, 98, auto, 351.75169067, 12, 1.30000000, 85.01914477, 0, 1.80000000, -3.99208283, 84.92601640, 4.61711138, 2.41593490, 86.37385253
ab44f28e-88c5-44e4-b9bf-484a0d25cd3e, 306d94e4-7176-41fe-843b-69f8e5107c43, 69da255a-1046-4051-9b2e-f90951b4790f, ANR2DA8CED20, (Point, 55.61654243, -4.52842576), 56.77191558, 1709307654, 1709307654, 98, auto, 359.96171452, 12, 1.30000000, 83.75135627, 0, 1.80000000, -3.59099278, 83.66144155, 4.82538534, 2.52433955, 84.97082828
ab44f28e-88c5-44e4-b9bf-484a0d25cd3e, 306d94e4-7176-41fe-843b-69f8e5107c43, 69da255a-1046-4051-9b2e-f90951b4790f, ANR2DA8CED20, (Point, 55.61657383, -4.52796512), 56.74701293, 1709307655, 1709307655, 98, auto, 367.59390271, 12, 1.30000000, 82.62365972, 0, 1.80000000, -3.19144884, 82.53465315, 4.98878794, 2.61164317, 83.70409758
ab44f28e-88c5-44e4-b9bf-484a0d25cd3e, 306d94e4-7176-41fe-843b-69f8e5107c43, 69da255a-1046-4051-9b2e-f90951b4790f, ANR2DA8CED20, (Point, 55.61661003, -4.52750575), 56.72803407, 1709307656, 1709307656, 98, auto, 376.60297698, 12, 1.30000000, 81.62989556, 0, 1.80000000, -2.81141842, 81.54073520, 5.11756156, 2.67743015, 82.57691080
ab44f28e-88c5-44e4-b9bf-484a0d25cd3e, 306d94e4-7176-41fe-843b-69f8e5107c43, 69da255a-1046-4051-9b2e-f90951b4790f, ANR2DA8CED20, (Point, 55.61665043, -4.52704761), 56.71291454, 1709307657, 1709307657, 98, auto, 384.91608929, 12, 1.30000000, 80.76155388, 0, 1.80000000, -2.45958729, 80.67273524, 5.22207396, 2.72851178, 81.58286919
ab44f28e-88c5-44e4-b9bf-484a0d25cd3e, 306d94e4-7176-41fe-843b-69f8e5107c43, 69da255a-1046-4051-9b2e-f90951b4790f, ANR2DA8CED20, (Point, 55.61669606, -4.52659108), 56.81766851, 1709307658, 1709307658, 98, auto, 394.05649571, 12, 1.30000000, 78.53418443, 0, 1.80000000, -29.43418291, 79.72333866, 4.96965468, 2.14385090, 80.71435142
ab44f28e-88c5-44e4-b9bf-484a0d25cd3e, 306d94e4-7176-41fe-843b-69f8e5107c43, 69da255a-1046-4051-9b2e-f90951b4790f, ANR2DA8CED20, (Point, 55.61677587, -4.52614927), 56.85832109, 1709307659, 1709307659, 98, auto, 403.02934632, 12, 1.30000000, 67.10677344, 0, 1.80000000, -30.32632579, 66.38891633, 4.15784325, 2.21769628, 79.75822423
ab44f28e-88c5-44e4-b9bf-484a0d25cd3e, 306d94e4-7176-41fe-843b-69f8e5107c43, 69da255a-1046-4051-9b2e-f90951b4790f, ANR2DA8CED20, (Point, 55.61690136, -4.52574116), 56.93524147, 1709307660, 1709307660, 98, auto, 410.67448909, 12, 1.30000000, 56.20567907, 0, 1.80000000, -30.19125317, 56.03667314, 3.57611504, 1.86372085, 66.43891797
ab44f28e-88c5-44e4-b9bf-484a0d25cd3e, 306d94e4-7176-41fe-843b-69f8e5107c43, 69da255a-1046-4051-9b2e-f90951b4790f, ANR2DA8CED20, (Point, 55.61706793, -4.52538108), 56.99706676, 1709307661, 1709307661, 98, auto, 417.46420280, 12, 1.30000000, 45.42339034, 0, 1.80000000, -30.11083150, 45.37430174, 3.10227120, 1.57592305, 56.08254594
ab44f28e-88c5-44e4-b9bf-484a0d25cd3e, 306d94e4-7176-41fe-843b-69f8e5107c43, 69da255a-1046-4051-9b2e-f90951b4790f, ANR2DA8CED20, (Point, 55.61727021, -4.52508314), 57.02478505, 1709307662, 1709307662, 98, auto, 421.96085076, 12, 1.30000000, 34.44723465, 0, 1.80000000, -30.12193453, 34.33801614, 2.85259662, 1.45469832, 45.41727230
ab44f28e-88c5-44e4-b9bf-484a0d25cd3e, 306d94e4-7176-41fe-843b-69f8e5107c43, 69da255a-1046-4051-9b2e-f90951b4790f, ANR2DA8CED20, (Point, 55.61750109, -4.52485900), 57.03596874, 1709307663, 1709307663, 98, auto, 426.40483420, 12, 1.30000000, 23.37408639, 0, 1.80000000, -30.12438663, 23.26107347, 2.75681311, 1.40808228, 34.38104368
ab44f28e-88c5-44e4-b9bf-484a0d25cd3e, 306d94e4-7176-41fe-843b-69f8e5107c43, 69da255a-1046-4051-9b2e-f90951b4790f, ANR2DA8CED20, (Point, 55.61775210, -4.52471741), 57.04328593, 1709307664, 1709307664, 98, auto, 431.58787792, 12, 1.30000000, 12.27412710, 0, 1.80000000, -30.12048681, 12.17339413, 2.71534215, 1.38677362, 23.30182457
ab44f28e-88c5-44e4-b9bf-484a0d25cd3e, 306d94e4-7176-41fe-843b-69f8e5107c43, 69da255a-1046-4051-9b2e-f90951b4790f, ANR2DA8CED20, (Point, 55.61801387, -4.52466393), 57.04635853, 1709307665, 1709307665, 98, auto, 435.27378177, 12, 1.30000000, 1.15119019, 0, 1.80000000, -30.11923605, 1.05714148, 2.71636699, 1.38932201, 12.21064932
ab44f28e-88c5-44e4-b9bf-484a0d25cd3e, 306d94e4-7176-41fe-843b-69f8e5107c43, 69da255a-1046-4051-9b2e-f90951b4790f, ANR2DA8CED20, (Point, 55.61827655, -4.52470065), 57.04738648, 1709307666, 1709307666, 98, auto, 441.43100870, 12, 1.30000000, -9.97089391, 0, 1.80000000, -30.11795231, -10.06130121, 2.71731104, 1.38708162, 1.09062019
ab44f28e-88c5-44e4-b9bf-484a0d25cd3e, 306d94e4-7176-41fe-843b-69f8e5107c43, 69da255a-1046-4051-9b2e-f90951b4790f, ANR2DA8CED20, (Point, 55.61853073, -4.52482257), 56.99289321, 1709307667, 1709307667, 98, auto, 444.90869740, 12, 1.30000000, -18.73033306, 0, 1.80000000, -2.77518432, -19.69555654, 2.86737476, 1.59155071, -10.03183438
ab44f28e-88c5-44e4-b9bf-484a0d25cd3e, 306d94e4-7176-41fe-843b-69f8e5107c43, 69da255a-1046-4051-9b2e-f90951b4790f, ANR2DA8CED20, (Point, 55.61878035, -4.52497194), 57.02374264, 1709307668, 1709307668, 98, auto, 449.90016644, 12, 1.30000000, -18.11439325, 0, 1.80000000, 4.76825046, -18.20626516, 2.66562679, 1.43720240, -19.65671172
ab44f28e-88c5-44e4-b9bf-484a0d25cd3e, 306d94e4-7176-41fe-843b-69f8e5107c43, 69da255a-1046-4051-9b2e-f90951b4790f, ANR2DA8CED20, (Point, 55.61903233, -4.52511037), 57.03640971, 1709307669, 1709307669, 98, auto, 455.09981894, 12, 1.30000000, -16.41005531, 0, 1.80000000, 5.22892507, -16.50099397, 2.57842597, 1.38950420, -18.16067130
ab44f28e-88c5-44e4-b9bf-484a0d25cd3e, 306d94e4-7176-41fe-843b-69f8e5107c43, 69da255a-1046-4051-9b2e-f90951b4790f, ANR2DA8CED20, (Point, 55.61928662, -4.52523520), 57.04427440, 1709307670, 1709307670, 98, auto, 459.14911030, 12, 1.30000000, -14.62608337, 0, 1.80000000, 5.29398673, -14.71650979, 2.51944517, 1.35688035, -16.45929478
ab44f28e-88c5-44e4-b9bf-484a0d25cd3e, 306d94e4-7176-41fe-843b-69f8e5107c43, 69da255a-1046-4051-9b2e-f90951b4790f, ANR2DA8CED20, (Point, 55.61954301, -4.52534593), 57.04960943, 1709307671, 1709307671, 98, auto, 464.18957983, 12, 1.30000000, -12.83728904, 0, 1.80000000, 5.23260356, -12.91693443, 2.48139751, 1.33680573, -14.67979338
ab44f28e-88c5-44e4-b9bf-484a0d25cd3e, 306d94e4-7176-41fe-843b-69f8e5107c43, 69da255a-1046-4051-9b2e-f90951b4790f, ANR2DA8CED20, (Point, 55.61980124, -4.52544256), 57.05308740, 1709307672, 1709307672, 98, auto, 469.56455723, 12, 1.30000000, -11.08779929, 0, 1.80000000, 5.05152108, -11.15546712, 2.46873803, 1.32513857, -12.88429856
ab44f28e-88c5-44e4-b9bf-484a0d25cd3e, 306d94e4-7176-41fe-843b-69f8e5107c43, 69da255a-1046-4051-9b2e-f90951b4790f, ANR2DA8CED20, (Point, 55.62006097, -4.52552548), 57.05418751, 1709307673, 1709307673, 98, auto, 473.90252900, 12, 1.30000000, -9.41373246, 0, 1.80000000, 4.76589600, -9.47487058, 2.45138661, 1.31792621, -11.12667837
ab44f28e-88c5-44e4-b9bf-484a0d25cd3e, 306d94e4-7176-41fe-843b-69f8e5107c43, 69da255a-1046-4051-9b2e-f90951b4790f, ANR2DA8CED20, (Point, 55.62032192, -4.52559535), 57.05323642, 1709307674, 1709307674, 98, auto, 478.04052310, 12, 1.30000000, -7.84413787, 0, 1.80000000, 4.40531894, -7.90315742, 2.45881974, 1.32321338, -9.44738982
ab44f28e-88c5-44e4-b9bf-484a0d25cd3e, 306d94e4-7176-41fe-843b-69f8e5107c43, 69da255a-1046-4051-9b2e-f90951b4790f, ANR2DA8CED20, (Point, 55.62058383, -4.52565308), 57.05581515, 1709307675, 1709307675, 97, auto, 482.78540459, 12, 1.30000000, -6.40479885, 0, 1.80000000, 3.99774551, -6.45935413, 2.45143115, 1.31787941, -7.87596269
ab44f28e-88c5-44e4-b9bf-484a0d25cd3e, 306d94e4-7176-41fe-843b-69f8e5107c43, 69da255a-1046-4051-9b2e-f90951b4790f, ANR2DA8CED20, (Point, 55.62084381, -4.52569931), 57.05364571, 1709307676, 1709307676, 97, auto, 487.76297398, 12, 1.30000000, -5.11300820, 0, 1.80000000, 3.57903350, -5.17004188, 2.46260160, 1.32444763, -6.43332189
ab44f28e-88c5-44e4-b9bf-484a0d25cd3e, 306d94e4-7176-41fe-843b-69f8e5107c43, 69da255a-1046-4051-9b2e-f90951b4790f, ANR2DA8CED20, (Point, 55.62110688, -4.52573608), 57.05079753, 1709307677, 1709307677, 97, auto, 491.56516318, 12, 1.30000000, -3.94898627, 0, 1.80000000, 3.15765257, -4.01010556, 2.47539468, 1.33128742, -5.14215284
ab44f28e-88c5-44e4-b9bf-484a0d25cd3e, 306d94e4-7176-41fe-843b-69f8e5107c43, 69da255a-1046-4051-9b2e-f90951b4790f, ANR2DA8CED20, (Point, 55.62137034, -4.52576399), 57.05129181, 1709307678, 1709307678, 97, auto, 495.87789793, 12, 1.30000000, -2.92436447, 0, 1.80000000, 2.75565268, -2.98701715, 2.47326740, 1.33095695, -3.97957889
ab44f28e-88c5-44e4-b9bf-484a0d25cd3e, 306d94e4-7176-41fe-843b-69f8e5107c43, 69da255a-1046-4051-9b2e-f90951b4790f, ANR2DA8CED20, (Point, 55.62163412, -4.52578411), 57.05328916, 1709307679, 1709307679, 97, auto, 500.34996467, 12, 1.30000000, -2.03153228, 0, 1.80000000, 2.39918543, -2.08304289, 2.49105671, 1.34006766, -2.95587419
ab44f28e-88c5-44e4-b9bf-484a0d25cd3e, 306d94e4-7176-41fe-843b-69f8e5107c43, 69da255a-1046-4051-9b2e-f90951b4790f, ANR2DA8CED20, (Point, 55.62189786, -4.52579745), 57.05028888, 1709307680, 1709307680, 97, auto, 504.88969296, 12, 1.30000000, -1.25169724, 0, 1.80000000, 2.05779557, -1.31259599, 2.49253549, 1.34096823, -2.05754661
ab44f28e-88c5-44e4-b9bf-484a0d25cd3e, 306d94e4-7176-41fe-843b-69f8e5107c43, 69da255a-1046-4051-9b2e-f90951b4790f, ANR2DA8CED20, (Point, 55.62216190, -4.52580920), 57.19139510, 1709307681, 1709307681, 97, auto, 509.21967886, 12, 1.30000000, -3.55787567, 0, 1.80000000, -29.99696460, -4.43509744, 1.19115641, 0.52549227, -1.28228742
ab44f28e-88c5-44e4-b9bf-484a0d25cd3e, 306d94e4-7176-41fe-843b-69f8e5107c43, 69da255a-1046-4051-9b2e-f90951b4790f, ANR2DA8CED20, (Point, 55.62242194, -4.52589012), 57.15720230, 1709307682, 1709307682, 97, auto, 512.19151916, 12, 1.30000000, -15.48658243, 0, 1.80000000, -30.35779197, -16.18183698, 1.37520380, 0.84294036, -4.39777656
ab44f28e-88c5-44e4-b9bf-484a0d25cd3e, 306d94e4-7176-41fe-843b-69f8e5107c43, 69da255a-1046-4051-9b2e-f90951b4790f, ANR2DA8CED20, (Point, 55.62266868, -4.52605651), 57.19021558, 1709307683, 1709307683, 97, auto, 514.41106821, 12, 1.30000000, -26.19428245, 0, 1.80000000, -30.07080231, -26.16998891, 0.99621951, 0.49469672, -16.13191323
ab44f28e-88c5-44e4-b9bf-484a0d25cd3e, 306d94e4-7176-41fe-843b-69f8e5107c43, 69da255a-1046-4051-9b2e-f90951b4790f, ANR2DA8CED20, (Point, 55.62289340, -4.52630194), 57.20848744, 1709307684, 1709307684, 97, auto, 516.77421680, 12, 1.30000000, -37.02324698, 0, 1.80000000, -30.06083752, -37.09689877, 0.67408740, 0.32523312, -26.12659776
ab44f28e-88c5-44e4-b9bf-484a0d25cd3e, 306d94e4-7176-41fe-843b-69f8e5107c43, 69da255a-1046-4051-9b2e-f90951b4790f, ANR2DA8CED20, (Point, 55.62308777, -4.52661838), 57.22236044, 1709307685, 1709307685, 97, auto, 517.94248454, 12, 1.30000000, -47.99707598, 0, 1.80000000, -30.08138346, -48.11530302, 0.47141412, 0.23292460, -37.05158726
ab44f28e-88c5-44e4-b9bf-484a0d25cd3e, 306d94e4-7176-41fe-843b-69f8e5107c43, 69da255a-1046-4051-9b2e-f90951b4790f, ANR2DA8CED20, (Point, 55.62324457, -4.52699442), 57.22876763, 1709307686, 1709307686, 97, auto, 519.29571861, 12, 1.30000000, -58.97959535, 0, 1.80000000, -30.07623291, -59.07711108, 0.32092655, 0.15845438, -48.07375766
ab44f28e-88c5-44e4-b9bf-484a0d25cd3e, 306d94e4-7176-41fe-843b-69f8e5107c43, 69da255a-1046-4051-9b2e-f90951b4790f, ANR2DA8CED20, (Point, 55.62335800, -4.52741644), 57.23786260, 1709307687, 1709307687, 97, auto, 520.03643670, 12, 1.30000000, -69.96937476, 0, 1.80000000, -30.07121769, -70.05703109, 0.19669239, 0.09281830, -59.03762528
ab44f28e-88c5-44e4-b9bf-484a0d25cd3e, 306d94e4-7176-41fe-843b-69f8e5107c43, 69da255a-1046-4051-9b2e-f90951b4790f, ANR2DA8CED20, (Point, 55.62342379, -4.52786893), 57.23812200, 1709307688, 1709307688, 97, auto, 520.28311746, 12, 1.30000000, -80.90648670, 0, 1.80000000, -24.00976305, -81.01548499, 0.14857721, 0.08139321, -70.02183809
ab44f28e-88c5-44e4-b9bf-484a0d25cd3e, 306d94e4-7176-41fe-843b-69f8e5107c43, 69da255a-1046-4051-9b2e-f90951b4790f, ANR2DA8CED20, (Point, 55.62345352, -4.52833329), 57.22320033, 1709307689, 1709307689, 97, auto, 519.94856670, 12, 1.30000000, -83.93004753, 0, 1.80000000, 3.15185215, -84.11264935, 0.14423246, 0.14474428, -80.98194575
ab44f28e-88c5-44e4-b9bf-484a0d25cd3e, 306d94e4-7176-41fe-843b-69f8e5107c43, 69da255a-1046-4051-9b2e-f90951b4790f, ANR2DA8CED20, (Point, 55.62348422, -4.52879801), 57.23399003, 1709307690, 1709307690, 97, auto, 520.16859177, 12, 1.30000000, -82.50105883, 0, 1.80000000, 5.14499447, -82.64863398, 0.00216806, 0.06490474, -84.06546636
ab44f28e-88c5-44e4-b9bf-484a0d25cd3e, 306d94e4-7176-41fe-843b-69f8e5107c43, 69da255a-1046-4051-9b2e-f90951b4790f, ANR2DA8CED20, (Point, 55.62352279, -4.52926106), 57.23943086, 1709307691, 1709307691, 97, auto, 520.63093928, 12, 1.30000000, -80.72477182, 0, 1.80000000, 5.33205352, -80.82366071, -0.08585121, 0.01703291, -82.60470997
ab44f28e-88c5-44e4-b9bf-484a0d25cd3e, 306d94e4-7176-41fe-843b-69f8e5107c43, 69da255a-1046-4051-9b2e-f90951b4790f, ANR2DA8CED20, (Point, 55.62356954, -4.52972176), 57.24299199, 1709307692, 1709307692, 97, auto, 520.82610701, 12, 1.30000000, -78.93274701, 0, 1.80000000, 5.25277985, -79.01494474, -0.15657106, -0.01879408, -80.78550786
ab44f28e-88c5-44e4-b9bf-484a0d25cd3e, 306d94e4-7176-41fe-843b-69f8e5107c43, 69da255a-1046-4051-9b2e-f90951b4790f, ANR2DA8CED20, (Point, 55.62362433, -4.53017968), 57.24577526, 1709307693, 1709307693, 97, auto, 521.49900076, 12, 1.30000000, -77.18721847, 0, 1.80000000, 5.04675016, -77.25767884, -0.20413778, -0.04505194, -78.98130830
ab44f28e-88c5-44e4-b9bf-484a0d25cd3e, 306d94e4-7176-41fe-843b-69f8e5107c43, 69da255a-1046-4051-9b2e-f90951b4790f, ANR2DA8CED20, (Point, 55.62368683, -4.53063449), 57.24838236, 1709307694, 1709307694, 97, auto, 521.62259226, 12, 1.30000000, -75.52414649, 0, 1.80000000, 4.74365114, -75.58654575, -0.24366524, -0.06431942, -77.22791405
ab44f28e-88c5-44e4-b9bf-484a0d25cd3e, 306d94e4-7176-41fe-843b-69f8e5107c43, 69da255a-1046-4051-9b2e-f90951b4790f, ANR2DA8CED20, (Point, 55.62375653, -4.53108597), 57.24662511, 1709307695, 1709307695, 97, auto, 520.31538047, 12, 1.30000000, -73.97113779, 0, 1.80000000, 4.36926198, -74.03214075, -0.26648335, -0.07559218, -75.55884603
ab44f28e-88c5-44e4-b9bf-484a0d25cd3e, 306d94e4-7176-41fe-843b-69f8e5107c43, 69da255a-1046-4051-9b2e-f90951b4790f, ANR2DA8CED20, (Point, 55.62383284, -4.53153415), 57.24756449, 1709307696, 1709307696, 97, auto, 520.39969268, 12, 1.30000000, -72.55028260, 0, 1.80000000, 3.95115242, -72.60919525, -0.28087476, -0.08240130, -74.00350144
ab44f28e-88c5-44e4-b9bf-484a0d25cd3e, 306d94e4-7176-41fe-843b-69f8e5107c43, 69da255a-1046-4051-9b2e-f90951b4790f, ANR2DA8CED20, (Point, 55.62391510, -4.53197902), 57.24803462, 1709307697, 1709307697, 97, auto, 520.73825461, 12, 1.30000000, -71.27083687, 0, 1.80000000, 3.51908324, -71.32943923, -0.29921784, -0.09117195, -72.58095709
ab44f28e-88c5-44e4-b9bf-484a0d25cd3e, 306d94e4-7176-41fe-843b-69f8e5107c43, 69da255a-1046-4051-9b2e-f90951b4790f, ANR2DA8CED20, (Point, 55.62400263, -4.53242073), 57.24933325, 1709307698, 1709307698, 97, auto, 520.47884387, 12, 1.30000000, -70.13406646, 0, 1.80000000, 3.09441369, -70.19324617, -0.31757793, -0.10159363, -71.30074644
ab44f28e-88c5-44e4-b9bf-484a0d25cd3e, 306d94e4-7176-41fe-843b-69f8e5107c43, 69da255a-1046-4051-9b2e-f90951b4790f, ANR2DA8CED20, (Point, 55.62409480, -4.53285949), 57.24821338, 1709307699, 1709307699, 97, auto, 519.35362324, 12, 1.30000000, -69.13254122, 0, 1.80000000, 2.69768920, -69.19526948, -0.31199668, -0.09993083, -70.16395384
ab44f28e-88c5-44e4-b9bf-484a0d25cd3e, 306d94e4-7176-41fe-843b-69f8e5107c43, 69da255a-1046-4051-9b2e-f90951b4790f, ANR2DA8CED20, (Point, 55.62419100, -4.53329558), 57.25145931, 1709307700, 1709307700, 97, auto, 518.37811141, 12, 1.30000000, -68.26211352, 0, 1.80000000, 2.32994908, -68.32361849, -0.31859404, -0.10614985, -69.16388304
ab44f28e-88c5-44e4-b9bf-484a0d25cd3e, 306d94e4-7176-41fe-843b-69f8e5107c43, 69da255a-1046-4051-9b2e-f90951b4790f, ANR2DA8CED20, (Point, 55.62429066, -4.53372917), 57.24907850, 1709307701, 1709307701, 96, auto, 517.00150237, 12, 1.30000000, -67.50491661, 0, 1.80000000, 1.99759741, -67.57312610, -0.32765945, -0.10729917, -68.29317734
ab44f28e-88c5-44e4-b9bf-484a0d25cd3e, 306d94e4-7176-41fe-843b-69f8e5107c43, 69da255a-1046-4051-9b2e-f90951b4790f, ANR2DA8CED20, (Point, 55.62439333, -4.53416063), 57.24936036, 1709307702, 1709307702, 96, auto, 517.31214117, 12, 1.30000000, -66.85394435, 0, 1.80000000, 1.70378966, -66.92357313, -0.33028046, -0.10872286, -67.53940202
ab44f28e-88c5-44e4-b9bf-484a0d25cd3e, 306d94e4-7176-41fe-843b-69f8e5107c43, 69da255a-1046-4051-9b2e-f90951b4790f, ANR2DA8CED20, (Point, 55.62449856, -4.53459017), 57.25232664, 1709307703, 1709307703, 96, auto, 517.80475228, 12, 1.30000000, -66.29587431, 0, 1.80000000, 1.44556567, -66.36504310, -0.34571147, -0.11799904, -66.88919744
ab44f28e-88c5-44e4-b9bf-484a0d25cd3e, 306d94e4-7176-41fe-843b-69f8e5107c43, 69da255a-1046-4051-9b2e-f90951b4790f, ANR2DA8CED20, (Point, 55.62460596, -4.53501798), 57.24907830, 1709307704, 1709307704, 96, auto, 517.19000911, 12, 1.30000000, -65.81524024, 0, 1.80000000, 1.22362779, -65.88955655, -0.33777001, -0.11368929, -66.33116121
ab44f28e-88c5-44e4-b9bf-484a0d25cd3e, 306d94e4-7176-41fe-843b-69f8e5107c43, 69da255a-1046-4051-9b2e-f90951b4790f, ANR2DA8CED20, (Point, 55.62471523, -4.53544432), 57.24652430, 1709307705, 1709307705, 96, auto, 517.01698616, 12, 1.30000000, -65.40412830, 0, 1.80000000, 1.02981743, -65.48310903, -0.33869427, -0.11054846, -65.85289295
ab44f28e-88c5-44e4-b9bf-484a0d25cd3e, 306d94e4-7176-41fe-843b-69f8e5107c43, 69da255a-1046-4051-9b2e-f90951b4790f, ANR2DA8CED20, (Point, 55.62482610, -4.53586947), 57.25161067, 1709307706, 1709307706, 96, auto, 517.12359758, 12, 1.30000000, -65.05756381, 0, 1.80000000, 0.86549529, -65.13162488, -0.34362145, -0.11635680, -65.44409381
ab44f28e-88c5-44e4-b9bf-484a0d25cd3e, 306d94e4-7176-41fe-843b-69f8e5107c43, 69da255a-1046-4051-9b2e-f90951b4790f, ANR2DA8CED20, (Point, 55.62493830, -4.53629343), 57.24728977, 1709307707, 1709307707, 96, auto, 516.23359394, 12, 1.30000000, -64.75723255, 0, 1.80000000, 0.72527401, -64.83670177, -0.33125560, -0.10977045, -65.09552224
ab44f28e-88c5-44e4-b9bf-484a0d25cd3e, 306d94e4-7176-41fe-843b-69f8e5107c43, 69da255a-1046-4051-9b2e-f90951b4790f, ANR2DA8CED20, (Point, 55.62505166, -4.53671648), 57.24841274, 1709307708, 1709307708, 96, auto, 515.41408389, 12, 1.30000000, -64.50396168, 0, 1.80000000, 0.60369370, -64.58287176, -0.33686300, -0.11611265, -64.79810860
ab44f28e-88c5-44e4-b9bf-484a0d25cd3e, 306d94e4-7176-41fe-843b-69f8e5107c43, 69da255a-1046-4051-9b2e-f90951b4790f, ANR2DA8CED20, (Point, 55.62516599, -4.53713871), 57.24947051, 1709307709, 1709307709, 96, auto, 515.37570494, 12, 1.30000000, -64.28859978, 0, 1.80000000, 0.50048462, -64.36675175, -0.33496218, -0.11152600, -64.54445955
ab44f28e-88c5-44e4-b9bf-484a0d25cd3e, 306d94e4-7176-41fe-843b-69f8e5107c43, 69da255a-1046-4051-9b2e-f90951b4790f, ANR2DA8CED20, (Point, 55.62528114, -4.53756020), 57.24810944, 1709307710, 1709307710, 96, auto, 515.26548640, 12, 1.30000000, -64.10344599, 0, 1.80000000, 0.41070842, -64.18480358, -0.34136719, -0.11489050, -64.32896959
ab44f28e-88c5-44e4-b9bf-484a0d25cd3e, 306d94e4-7176-41fe-843b-69f8e5107c43, 69da255a-1046-4051-9b2e-f90951b4790f, ANR2DA8CED20, (Point, 55.62539701, -4.53798116), 57.25016404, 1709307711, 1709307711, 96, auto, 514.57561582, 12, 1.30000000, -63.94880203, 0, 1.80000000, 0.33715588, -64.02669026, -0.33904483, -0.11667299, -64.14485772
ab44f28e-88c5-44e4-b9bf-484a0d25cd3e, 306d94e4-7176-41fe-843b-69f8e5107c43, 69da255a-1046-4051-9b2e-f90951b4790f, ANR2DA8CED20, (Point, 55.62551347, -4.53840157), 57.24928394, 1709307712, 1709307712, 96, auto, 513.99045675, 12, 1.30000000, -63.81529480, 0, 1.80000000, 0.27433505, -63.89462162, -0.33263442, -0.11269844, -63.98901135
ab44f28e-88c5-44e4-b9bf-484a0d25cd3e, 306d94e4-7176-41fe-843b-69f8e5107c43, 69da255a-1046-4051-9b2e-f90951b4790f, ANR2DA8CED20, (Point, 55.62563043, -4.53882152), 57.24709135, 1709307713, 1709307713, 96, auto, 514.49273857, 12, 1.30000000, -63.70094428, 0, 1.80000000, 0.21954061, -63.78267530, -0.33166696, -0.11099328, -63.85595108
ab44f28e-88c5-44e4-b9bf-484a0d25cd3e, 306d94e4-7176-41fe-843b-69f8e5107c43, 69da255a-1046-4051-9b2e-f90951b4790f, ANR2DA8CED20, (Point, 55.62574783, -4.53924114), 57.24900867, 1709307714, 1709307714, 96, auto, 514.47146333, 12, 1.30000000, -63.60569079, 0, 1.80000000, 0.17375215, -63.68536623, -0.33018566, -0.11175146, -63.74285968
ab44f28e-88c5-44e4-b9bf-484a0d25cd3e, 306d94e4-7176-41fe-843b-69f8e5107c43, 69da255a-1046-4051-9b2e-f90951b4790f, ANR2DA8CED20, (Point, 55.62586559, -4.53966043), 57.25201487, 1709307715, 1709307715, 96, auto, 513.05232928, 12, 1.30000000, -63.52547062, 0, 1.80000000, 0.13185338, -63.60219973, -0.34659485, -0.12031272, -63.64681011
ab44f28e-88c5-44e4-b9bf-484a0d25cd3e, 306d94e4-7176-41fe-843b-69f8e5107c43, 69da255a-1046-4051-9b2e-f90951b4790f, ANR2DA8CED20, (Point, 55.62598365, -4.54007941), 57.24969588, 1709307716, 1709307716, 96, auto, 513.54992869, 12, 1.30000000, -63.45485299, 0, 1.80000000, 0.10054250, -63.53459646, -0.33405577, -0.11111403, -63.56516175
ab44f28e-88c5-44e4-b9bf-484a0d25cd3e, 306d94e4-7176-41fe-843b-69f8e5107c43, 69da255a-1046-4051-9b2e-f90951b4790f, ANR2DA8CED20, (Point, 55.62610198, -4.54049817), 57.24822819, 1709307717, 1709307717, 96, auto, 514.32685426, 12, 1.30000000, -63.39486039, 0, 1.80000000, 0.07165283, -63.47645886, -0.33259086, -0.11128752, -63.49594769
ab44f28e-88c5-44e4-b9bf-484a0d25cd3e, 306d94e4-7176-41fe-843b-69f8e5107c43, 69da255a-1046-4051-9b2e-f90951b4790f, ANR2DA8CED20, (Point, 55.62622055, -4.54091678), 57.25037485, 1709307718, 1709307718, 96, auto, 514.05775257, 12, 1.30000000, -63.34590839, 0, 1.80000000, 0.04882145, -63.42500673, -0.33165012, -0.11136196, -63.43722389
ab44f28e-88c5-44e4-b9bf-484a0d25cd3e, 306d94e4-7176-41fe-843b-69f8e5107c43, 69da255a-1046-4051-9b2e-f90951b4790f, ANR2DA8CED20, (Point, 55.62633928, -4.54133516), 57.24867112, 1709307719, 1709307719, 96, auto, 514.53792882, 12, 1.30000000, -63.30215575, 0, 1.80000000, 0.02537740, -63.38314948, -0.34143279, -0.11469965, -63.38677638
ab44f28e-88c5-44e4-b9bf-484a0d25cd3e, 306d94e4-7176-41fe-843b-69f8e5107c43, 69da255a-1046-4051-9b2e-f90951b4790f, ANR2DA8CED20, (Point, 55.62646151, -4.54175039), 57.23859118, 1709307720, 1709307720, 96, auto, 514.31464422, 12, 1.30000000, -60.79121016, 0, 1.80000000, 4.98060173, -59.91186092, -0.10681051, 0.04711749, -63.34387111
ab44f28e-88c5-44e4-b9bf-484a0d25cd3e, 306d94e4-7176-41fe-843b-69f8e5107c43, 69da255a-1046-4051-9b2e-f90951b4790f, ANR2DA8CED20, (Point, 55.62659252, -4.54215714), 57.23599479, 1709307721, 1709307721, 96, auto, 513.51834313, 12, 1.30000000, -60.12923428, 0, 1.80000000, 0.08379406, -60.21496815, 0.04069504, 0.07819437, -59.87941545
ab44f28e-88c5-44e4-b9bf-484a0d25cd3e, 306d94e4-7176-41fe-843b-69f8e5107c43, 69da255a-1046-4051-9b2e-f90951b4790f, ANR2DA8CED20, (Point, 55.62672422, -4.54256309), 57.23016845, 1709307722, 1709307722, 96, auto, 514.05967502, 12, 1.30000000, -60.11653317, 0, 1.80000000, -0.10886846, -60.20762032, 0.17018816, 0.14599164, -60.17791929
ab44f28e-88c5-44e4-b9bf-484a0d25cd3e, 306d94e4-7176-41fe-843b-69f8e5107c43, 69da255a-1046-4051-9b2e-f90951b4790f, ANR2DA8CED20, (Point, 55.62685593, -4.54296890), 57.22139260, 1709307723, 1709307723, 96, auto, 515.06389606, 12, 1.30000000, -60.12033609, 0, 1.80000000, -0.10843334, -60.19971236, 0.26804586, 0.19908669, -60.17190536
ab44f28e-88c5-44e4-b9bf-484a0d25cd3e, 306d94e4-7176-41fe-843b-69f8e5107c43, 69da255a-1046-4051-9b2e-f90951b4790f, ANR2DA8CED20, (Point, 55.62698762, -4.54337474), 57.21804977, 1709307724, 1709307724, 96, auto, 515.61301589, 12, 1.30000000, -60.12719331, 0, 1.80000000, -0.10846291, -60.20678979, 0.33744148, 0.23471513, -60.16157964
ab44f28e-88c5-44e4-b9bf-484a0d25cd3e, 306d94e4-7176-41fe-843b-69f8e5107c43, 69da255a-1046-4051-9b2e-f90951b4790f, ANR2DA8CED20, (Point, 55.62711928, -4.54378060), 57.21610040, 1709307725, 1709307725, 96, auto, 516.02201965, 12, 1.30000000, -60.13400756, 0, 1.80000000, -0.10905530, -60.21411508, 0.38129110, 0.25868427, -60.16807367
ab44f28e-88c5-44e4-b9bf-484a0d25cd3e, 306d94e4-7176-41fe-843b-69f8e5107c43, 69da255a-1046-4051-9b2e-f90951b4790f, ANR2DA8CED20, (Point, 55.62725091, -4.54418647), 57.21391963, 1709307726, 1709307726, 96, auto, 516.83583044, 12, 1.30000000, -60.13984862, 0, 1.80000000, -0.10449311, -60.22000776, 0.43188995, 0.28235786, -60.17554170
ab44f28e-88c5-44e4-b9bf-484a0d25cd3e, 306d94e4-7176-41fe-843b-69f8e5107c43, 69da255a-1046-4051-9b2e-f90951b4790f, ANR2DA8CED20, (Point, 55.62738251, -4.54459235), 57.21277989, 1709307727, 1709307727, 96, auto, 516.50952293, 12, 1.30000000, -60.14500728, 0, 1.80000000, -0.10297127, -60.22437176, 0.45503608, 0.29533609, -60.18113668
ab44f28e-88c5-44e4-b9bf-484a0d25cd3e, 306d94e4-7176-41fe-843b-69f8e5107c43, 69da255a-1046-4051-9b2e-f90951b4790f, ANR2DA8CED20, (Point, 55.62751408, -4.54499822), 57.21044292, 1709307728, 1709307728, 96, auto, 517.92537480, 12, 1.30000000, -60.14830237, 0, 1.80000000, -0.10024772, -60.23010838, 0.48337154, 0.30791873, -60.18614209
ab44f28e-88c5-44e4-b9bf-484a0d25cd3e, 306d94e4-7176-41fe-843b-69f8e5107c43, 69da255a-1046-4051-9b2e-f90951b4790f, ANR2DA8CED20, (Point, 55.62764564, -4.54540413), 57.21018659, 1709307729, 1709307729, 95, auto, 518.89226267, 12, 1.30000000, -60.15195071, 0, 1.80000000, -0.09863775, -60.23347868, 0.49604476, 0.31222850, -60.19061788
ab44f28e-88c5-44e4-b9bf-484a0d25cd3e, 306d94e4-7176-41fe-843b-69f8e5107c43, 69da255a-1046-4051-9b2e-f90951b4790f, ANR2DA8CED20, (Point, 55.62777718, -4.54581004), 57.20884585, 1709307730, 1709307730, 95, auto, 519.80451807, 12, 1.30000000, -60.15453546, 0, 1.80000000, -0.09781670, -60.23686430, 0.51066901, 0.32316303, -60.19431106
ab44f28e-88c5-44e4-b9bf-484a0d25cd3e, 306d94e4-7176-41fe-843b-69f8e5107c43, 69da255a-1046-4051-9b2e-f90951b4790f, ANR2DA8CED20, (Point, 55.62790871, -4.54621597), 57.20832109, 1709307731, 1709307731, 95, auto, 521.32446214, 12, 1.30000000, -60.15671432, 0, 1.80000000, -0.09671334, -60.23994941, 0.51775143, 0.32562306, -60.19711240
ab44f28e-88c5-44e4-b9bf-484a0d25cd3e, 306d94e4-7176-41fe-843b-69f8e5107c43, 69da255a-1046-4051-9b2e-f90951b4790f, ANR2DA8CED20, (Point, 55.62804024, -4.54662192), 57.20913782, 1709307732, 1709307732, 95, auto, 522.29203215, 12, 1.30000000, -60.15955659, 0, 1.80000000, -0.09572908, -60.24077569, 0.52072260, 0.32909262, -60.19969168
ab44f28e-88c5-44e4-b9bf-484a0d25cd3e, 306d94e4-7176-41fe-843b-69f8e5107c43, 69da255a-1046-4051-9b2e-f90951b4790f, ANR2DA8CED20, (Point, 55.62817174, -4.54702786), 57.20731830, 1709307733, 1709307733, 95, auto, 522.77217025, 12, 1.30000000, -60.16053957, 0, 1.80000000, -0.09458410, -60.24344583, 0.52973399, 0.33359727, -60.20135211
ab44f28e-88c5-44e4-b9bf-484a0d25cd3e, 306d94e4-7176-41fe-843b-69f8e5107c43, 69da255a-1046-4051-9b2e-f90951b4790f, ANR2DA8CED20, (Point, 55.62830325, -4.54743384), 57.20928317, 1709307734, 1709307734, 95, auto, 523.57283023, 12, 1.30000000, -60.16318405, 0, 1.80000000, -0.09342991, -60.24337886, 0.53176767, 0.33212238, -60.20322946
ab44f28e-88c5-44e4-b9bf-484a0d25cd3e, 306d94e4-7176-41fe-843b-69f8e5107c43, 69da255a-1046-4051-9b2e-f90951b4790f, ANR2DA8CED20, (Point, 55.62843474, -4.54783979), 57.20839830, 1709307735, 1709307735, 95, auto, 524.34162618, 12, 1.30000000, -60.16412855, 0, 1.80000000, -0.09227694, -60.24503621, 0.53682613, 0.33484001, -60.20483672
ab44f28e-88c5-44e4-b9bf-484a0d25cd3e, 306d94e4-7176-41fe-843b-69f8e5107c43, 69da255a-1046-4051-9b2e-f90951b4790f, ANR2DA8CED20, (Point, 55.62856623, -4.54824576), 57.20871904, 1709307736, 1709307736, 95, auto, 524.96361424, 12, 1.30000000, -60.16535410, 0, 1.80000000, -0.09186526, -60.24623852, 0.53726350, 0.33424569, -60.20587702
ab44f28e-88c5-44e4-b9bf-484a0d25cd3e, 306d94e4-7176-41fe-843b-69f8e5107c43, 69da255a-1046-4051-9b2e-f90951b4790f, ANR2DA8CED20, (Point, 55.62869771, -4.54865174), 57.20737392, 1709307737, 1709307737, 95, auto, 526.10077447, 12, 1.30000000, -60.16570748, 0, 1.80000000, -0.09206314, -60.24826835, 0.53925073, 0.34018656, -60.20738904
ab44f28e-88c5-44e4-b9bf-484a0d25cd3e, 306d94e4-7176-41fe-843b-69f8e5107c43, 69da255a-1046-4051-9b2e-f90951b4790f, ANR2DA8CED20, (Point, 55.62882919, -4.54905774), 57.20880892, 1709307738, 1709307738, 95, auto, 527.74535978, 12, 1.30000000, -60.16704296, 0, 1.80000000, -0.09273738, -60.24774035, 0.53081247, 0.33358951, -60.20840057
ab44f28e-88c5-44e4-b9bf-484a0d25cd3e, 306d94e4-7176-41fe-843b-69f8e5107c43, 69da255a-1046-4051-9b2e-f90951b4790f, ANR2DA8CED20, (Point, 55.62896067, -4.54946372), 57.20873209, 1709307739, 1709307739, 95, auto, 529.53736908, 12, 1.30000000, -60.16776988, 0, 1.80000000, -0.09043975, -60.24857750, 0.54330296, 0.33619740, -60.20874342
ab44f28e-88c5-44e4-b9bf-484a0d25cd3e, 306d94e4-7176-41fe-843b-69f8e5107c43, 69da255a-1046-4051-9b2e-f90951b4790f, ANR2DA8CED20, (Point, 55.62909213, -4.54986971), 57.20657136, 1709307740, 1709307740, 95, auto, 531.11786751, 12, 1.30000000, -60.16701031, 0, 1.80000000, -0.09127955, -60.25029237, 0.53735431, 0.33723171, -60.20970343
ab44f28e-88c5-44e4-b9bf-484a0d25cd3e, 306d94e4-7176-41fe-843b-69f8e5107c43, 69da255a-1046-4051-9b2e-f90951b4790f, ANR2DA8CED20, (Point, 55.62922360, -4.55027572), 57.20731049, 1709307741, 1709307741, 95, auto, 532.03809581, 12, 1.30000000, -60.16791840, 0, 1.80000000, -0.09078249, -60.25059590, 0.53863016, 0.33627378, -60.20995695
ab44f28e-88c5-44e4-b9bf-484a0d25cd3e, 306d94e4-7176-41fe-843b-69f8e5107c43, 69da255a-1046-4051-9b2e-f90951b4790f, ANR2DA8CED20, (Point, 55.62934567, -4.55069069), 57.19095072, 1709307742, 1709307742, 95, auto, 532.82900823, 12, 1.30000000, -66.29317890, 0, 1.80000000, -5.02705448, -67.54030365, 0.51208520, 0.43808082, -60.21039201
ab44f28e-88c5-44e4-b9bf-484a0d25cd3e, 306d94e4-7176-41fe-843b-69f8e5107c43, 69da255a-1046-4051-9b2e-f90951b4790f, ANR2DA8CED20, (Point, 55.62945041, -4.55112024), 57.22444353, 1709307743, 1709307743, 95, auto, 534.17742394, 12, 1.30000000, -66.78251876, 0, 1.80000000, 0.06825796, -66.74320912, 0.17654112, 0.15706809, -67.48943242
ab44f28e-88c5-44e4-b9bf-484a0d25cd3e, 306d94e4-7176-41fe-843b-69f8e5107c43, 69da255a-1046-4051-9b2e-f90951b4790f, ANR2DA8CED20, (Point, 55.62955478, -4.55155033), 57.23481780, 1709307744, 1709307744, 95, auto, 534.46916214, 12, 1.30000000, -66.72192663, 0, 1.80000000, 0.08707992, -66.78865341, 0.01275883, 0.06956754, -66.70100922
ab44f28e-88c5-44e4-b9bf-484a0d25cd3e, 306d94e4-7176-41fe-843b-69f8e5107c43, 69da255a-1046-4051-9b2e-f90951b4790f, ANR2DA8CED20, (Point, 55.62965932, -4.55198035), 57.24115608, 1709307745, 1709307745, 95, auto, 534.49628599, 12, 1.30000000, -66.66605783, 0, 1.80000000, 0.06599323, -66.75729011, -0.10305708, 0.00675389, -66.74556745
ab44f28e-88c5-44e4-b9bf-484a0d25cd3e, 306d94e4-7176-41fe-843b-69f8e5107c43, 69da255a-1046-4051-9b2e-f90951b4790f, ANR2DA8CED20, (Point, 55.62976409, -4.55241021), 57.24156885, 1709307746, 1709307746, 95, auto, 534.45355340, 12, 1.30000000, -66.61201247, 0, 1.80000000, 0.05148535, -66.70351568, -0.18147489, -0.03257513, -66.71542937
ab44f28e-88c5-44e4-b9bf-484a0d25cd3e, 306d94e4-7176-41fe-843b-69f8e5107c43, 69da255a-1046-4051-9b2e-f90951b4790f, ANR2DA8CED20, (Point, 55.62986910, -4.55283998), 57.24648175, 1709307747, 1709307747, 95, auto, 534.31019640, 12, 1.30000000, -66.56765223, 0, 1.80000000, 0.03248317, -66.65332460, -0.24833455, -0.06583811, -66.66072092
ab44f28e-88c5-44e4-b9bf-484a0d25cd3e, 306d94e4-7176-41fe-843b-69f8e5107c43, 69da255a-1046-4051-9b2e-f90951b4790f, ANR2DA8CED20, (Point, 55.62997429, -4.55326961), 57.24879775, 1709307748, 1709307748, 95, auto, 534.56873845, 12, 1.30000000, -66.52922363, 0, 1.80000000, 0.01436314, -66.61200253, -0.30639473, -0.09527034, -66.61278116
ab44f28e-88c5-44e4-b9bf-484a0d25cd3e, 306d94e4-7176-41fe-843b-69f8e5107c43, 69da255a-1046-4051-9b2e-f90951b4790f, ANR2DA8CED20, (Point, 55.63007964, -4.55369914), 57.25064562, 1709307749, 1709307749, 95, auto, 534.70715153, 12, 1.30000000, -66.49657654, 0, 1.80000000, 0.00188293, -66.57708664, -0.33386397, -0.11443103, -66.57269004
ab44f28e-88c5-44e4-b9bf-484a0d25cd3e, 306d94e4-7176-41fe-843b-69f8e5107c43, 69da255a-1046-4051-9b2e-f90951b4790f, ANR2DA8CED20, (Point, 55.63018511, -4.55412856), 57.25013307, 1709307750, 1709307750, 95, auto, 533.01963157, 12, 1.30000000, -66.46764442, 0, 1.80000000, -0.01161848, -66.54912191, -0.36376084, -0.12565092, -66.53899683
ab44f28e-88c5-44e4-b9bf-484a0d25cd3e, 306d94e4-7176-41fe-843b-69f8e5107c43, 69da255a-1046-4051-9b2e-f90951b4790f, ANR2DA8CED20, (Point, 55.63029069, -4.55455791), 57.25040837, 1709307751, 1709307751, 95, auto, 531.47457428, 12, 1.30000000, -66.44353191, 0, 1.80000000, -0.02275259, -66.52518962, -0.37781536, -0.13222315, -66.51022696
ab44f28e-88c5-44e4-b9bf-484a0d25cd3e, 306d94e4-7176-41fe-843b-69f8e5107c43, 69da255a-1046-4051-9b2e-f90951b4790f, ANR2DA8CED20, (Point, 55.63039638, -4.55498722), 57.25314032, 1709307752, 1709307752, 95, auto, 532.44524304, 12, 1.30000000, -66.42439822, 0, 1.80000000, -0.03431697, -66.50354754, -0.40205511, -0.14456569, -66.48547834
ab44f28e-88c5-44e4-b9bf-484a0d25cd3e, 306d94e4-7176-41fe-843b-69f8e5107c43, 69da255a-1046-4051-9b2e-f90951b4790f, ANR2DA8CED20, (Point, 55.63050214, -4.55541645), 57.25293838, 1709307753, 1709307753, 95, auto, 533.07140313, 12, 1.30000000, -66.40710957, 0, 1.80000000, -0.04145242, -66.48658386, -0.40578810, -0.14950399, -66.46568891
ab44f28e-88c5-44e4-b9bf-484a0d25cd3e, 306d94e4-7176-41fe-843b-69f8e5107c43, 69da255a-1046-4051-9b2e-f90951b4790f, ANR2DA8CED20, (Point, 55.63060796, -4.55584562), 57.25169119, 1709307754, 1709307754, 95, auto, 532.44354392, 12, 1.30000000, -66.39161071, 0, 1.80000000, -0.04851603, -66.47283969, -0.41140447, -0.14809762, -66.44824346
ab44f28e-88c5-44e4-b9bf-484a0d25cd3e, 306d94e4-7176-41fe-843b-69f8e5107c43, 69da255a-1046-4051-9b2e-f90951b4790f, ANR2DA8CED20, (Point, 55.63071385, -4.55627477), 57.25190706, 1709307755, 1709307755, 95, auto, 531.70233481, 12, 1.30000000, -66.37924594, 0, 1.80000000, -0.05486276, -66.46103563, -0.41788383, -0.15440200, -66.43333640
ab44f28e-88c5-44e4-b9bf-484a0d25cd3e, 306d94e4-7176-41fe-843b-69f8e5107c43, 69da255a-1046-4051-9b2e-f90951b4790f, ANR2DA8CED20, (Point, 55.63081978, -4.55670389), 57.25336566, 1709307756, 1709307756, 94, auto, 530.76469490, 12, 1.30000000, -66.36952872, 0, 1.80000000, -0.05976562, -66.44981406, -0.42050803, -0.15718492, -66.42140328
ab44f28e-88c5-44e4-b9bf-484a0d25cd3e, 306d94e4-7176-41fe-843b-69f8e5107c43, 69da255a-1046-4051-9b2e-f90951b4790f, ANR2DA8CED20, (Point, 55.63092575, -4.55713297), 57.25240916, 1709307757, 1709307757, 94, auto, 529.50588875, 12, 1.30000000, -66.36018028, 0, 1.80000000, -0.06335732, -66.44183429, -0.42116924, -0.15824269, -66.41110132
ab44f28e-88c5-44e4-b9bf-484a0d25cd3e, 306d94e4-7176-41fe-843b-69f8e5107c43, 69da255a-1046-4051-9b2e-f90951b4790f, ANR2DA8CED20, (Point, 55.63103174, -4.55756204), 57.25261917, 1709307758, 1709307758, 94, auto, 528.96306480, 12, 1.30000000, -66.35255117, 0, 1.80000000, -0.06661744, -66.43391714, -0.42131286, -0.15706618, -66.40268037
ab44f28e-88c5-44e4-b9bf-484a0d25cd3e, 306d94e4-7176-41fe-843b-69f8e5107c43, 69da255a-1046-4051-9b2e-f90951b4790f, ANR2DA8CED20, (Point, 55.63113778, -4.55799109), 57.25334699, 1709307759, 1709307759, 94, auto, 529.28739119, 12, 1.30000000, -66.34637303, 0, 1.80000000, -0.07094236, -66.42696827, -0.42430305, -0.15819242, -66.39469470
ab44f28e-88c5-44e4-b9bf-484a0d25cd3e, 306d94e4-7176-41fe-843b-69f8e5107c43, 69da255a-1046-4051-9b2e-f90951b4790f, ANR2DA8CED20, (Point, 55.63124382, -4.55842009), 57.25199885, 1709307760, 1709307760, 94, auto, 528.14619641, 12, 1.30000000, -66.33978116, 0, 1.80000000, -0.07552116, -66.42318982, -0.43496582, -0.16162287, -66.38849001
ab44f28e-88c5-44e4-b9bf-484a0d25cd3e, 306d94e4-7176-41fe-843b-69f8e5107c43, 69da255a-1046-4051-9b2e-f90951b4790f, ANR2DA8CED20, (Point, 55.63134990, -4.55884912), 57.25336267, 1709307761, 1709307761, 94, auto, 527.78285828, 12, 1.30000000, -66.33594467, 0, 1.80000000, -0.07674316, -66.41718925, -0.43148473, -0.15938919, -66.38272864
ab44f28e-88c5-44e4-b9bf-484a0d25cd3e, 306d94e4-7176-41fe-843b-69f8e5107c43, 69da255a-1046-4051-9b2e-f90951b4790f, ANR2DA8CED20, (Point, 55.63145599, -4.55927813), 57.25391126, 1709307762, 1709307762, 94, auto, 526.83318091, 12, 1.30000000, -66.33207727, 0, 1.80000000, -0.07811319, -66.41294044, -0.42912260, -0.16148592, -66.37798925
ab44f28e-88c5-44e4-b9bf-484a0d25cd3e, 306d94e4-7176-41fe-843b-69f8e5107c43, 69da255a-1046-4051-9b2e-f90951b4790f, ANR2DA8CED20, (Point, 55.63156315, -4.55971138), 57.25272310, 1709307763, 1709307763, 94, auto, 526.38015076, 12, 1.30000000, -66.32797973, 0, 1.80000000, -0.08129949, -66.41155964, -0.43276931, -0.16009244, -66.37402870
ab44f28e-88c5-44e4-b9bf-484a0d25cd3e, 306d94e4-7176-41fe-843b-69f8e5107c43, 69da255a-1046-4051-9b2e-f90951b4790f, ANR2DA8CED20, (Point, 55.63166928, -4.56014040), 57.25332081, 1709307764, 1709307764, 94, auto, 525.99426211, 12, 1.30000000, -66.32574353, 0, 1.80000000, -0.07978592, -66.40692148, -0.42504202, -0.15964054, -66.37137564
ab44f28e-88c5-44e4-b9bf-484a0d25cd3e, 306d94e4-7176-41fe-843b-69f8e5107c43, 69da255a-1046-4051-9b2e-f90951b4790f, ANR2DA8CED20, (Point, 55.63177540, -4.56056938), 57.25300981, 1709307765, 1709307765, 94, auto, 525.49988102, 12, 1.30000000, -66.32275987, 0, 1.80000000, -0.08246329, -66.40488460, -0.43173301, -0.16184590, -66.36768665
ab44f28e-88c5-44e4-b9bf-484a0d25cd3e, 306d94e4-7176-41fe-843b-69f8e5107c43, 69da255a-1046-4051-9b2e-f90951b4790f, ANR2DA8CED20, (Point, 55.63188154, -4.56099836), 57.25322238, 1709307766, 1709307766, 94, auto, 525.62710074, 12, 1.30000000, -66.32092754, 0, 1.80000000, -0.08333149, -66.40254592, -0.43152159, -0.16265937, -66.36546748
ab44f28e-88c5-44e4-b9bf-484a0d25cd3e, 306d94e4-7176-41fe-843b-69f8e5107c43, 69da255a-1046-4051-9b2e-f90951b4790f, ANR2DA8CED20, (Point, 55.63198768, -4.56142733), 57.25341875, 1709307767, 1709307767, 94, auto, 525.08979904, 12, 1.30000000, -66.31923525, 0, 1.80000000, -0.08432285, -66.40090113, -0.43200996, -0.16208355, -66.36347034
ab44f28e-88c5-44e4-b9bf-484a0d25cd3e, 306d94e4-7176-41fe-843b-69f8e5107c43, 69da255a-1046-4051-9b2e-f90951b4790f, ANR2DA8CED20, (Point, 55.63209382, -4.56185630), 57.25272694, 1709307768, 1709307768, 94, auto, 524.72001761, 12, 1.30000000, -66.31724861, 0, 1.80000000, -0.08587710, -66.39938601, -0.43509685, -0.16167003, -66.36175042
ab44f28e-88c5-44e4-b9bf-484a0d25cd3e, 306d94e4-7176-41fe-843b-69f8e5107c43, 69da255a-1046-4051-9b2e-f90951b4790f, ANR2DA8CED20, (Point, 55.63219998, -4.56228530), 57.25700703, 1709307769, 1709307769, 94, auto, 523.93183007, 12, 1.30000000, -66.31824593, 0, 1.80000000, -0.08504707, -66.39566527, -0.43251019, -0.16688303, -66.35999035
ab44f28e-88c5-44e4-b9bf-484a0d25cd3e, 306d94e4-7176-41fe-843b-69f8e5107c43, 69da255a-1046-4051-9b2e-f90951b4790f, ANR2DA8CED20, (Point, 55.63230613, -4.56271424), 57.25428543, 1709307770, 1709307770, 94, auto, 523.46628727, 12, 1.30000000, -66.31538811, 0, 1.80000000, -0.08865304, -66.39650705, -0.44020777, -0.16151187, -66.35857716
ab44f28e-88c5-44e4-b9bf-484a0d25cd3e, 306d94e4-7176-41fe-843b-69f8e5107c43, 69da255a-1046-4051-9b2e-f90951b4790f, ANR2DA8CED20, (Point, 55.63241228, -4.56314319), 57.25172112, 1709307771, 1709307771, 94, auto, 522.72469986, 12, 1.30000000, -66.31330459, 0, 1.80000000, -0.08732696, -66.39616916, -0.43400353, -0.16186669, -66.35711149
ab44f28e-88c5-44e4-b9bf-484a0d25cd3e, 306d94e4-7176-41fe-843b-69f8e5107c43, 69da255a-1046-4051-9b2e-f90951b4790f, ANR2DA8CED20, (Point, 55.63251845, -4.56357217), 57.25382312, 1709307772, 1709307772, 94, auto, 522.13206265, 12, 1.30000000, -66.31389934, 0, 1.80000000, -0.08651635, -66.39415749, -0.42693972, -0.16038899, -66.35617789
ab44f28e-88c5-44e4-b9bf-484a0d25cd3e, 306d94e4-7176-41fe-843b-69f8e5107c43, 69da255a-1046-4051-9b2e-f90951b4790f, ANR2DA8CED20, (Point, 55.63262461, -4.56400113), 57.25432609, 1709307773, 1709307773, 94, auto, 522.32911934, 12, 1.30000000, -66.31343899, 0, 1.80000000, -0.08845754, -66.39373701, -0.43836418, -0.16692890, -66.35539527
ab44f28e-88c5-44e4-b9bf-484a0d25cd3e, 306d94e4-7176-41fe-843b-69f8e5107c43, 69da255a-1046-4051-9b2e-f90951b4790f, ANR2DA8CED20, (Point, 55.63273077, -4.56443008), 57.25406437, 1709307774, 1709307774, 94, auto, 520.88902271, 12, 1.30000000, -66.31271430, 0, 1.80000000, -0.08749439, -66.39328568, -0.43390993, -0.16729260, -66.35529448
ab44f28e-88c5-44e4-b9bf-484a0d25cd3e, 306d94e4-7176-41fe-843b-69f8e5107c43, 69da255a-1046-4051-9b2e-f90951b4790f, ANR2DA8CED20, (Point, 55.63283693, -4.56485905), 57.25411463, 1709307775, 1709307775, 94, auto, 521.32832274, 12, 1.30000000, -66.31252304, 0, 1.80000000, -0.08719282, -66.39258164, -0.43218639, -0.16613891, -66.35420784
ab44f28e-88c5-44e4-b9bf-484a0d25cd3e, 306d94e4-7176-41fe-843b-69f8e5107c43, 69da255a-1046-4051-9b2e-f90951b4790f, ANR2DA8CED20, (Point, 55.63294309, -4.56528799), 57.25158126, 1709307776, 1709307776, 94, auto, 520.50239870, 12, 1.30000000, -66.31089303, 0, 1.80000000, -0.08766949, -66.39387970, -0.43278765, -0.16462283, -66.35411521
ab44f28e-88c5-44e4-b9bf-484a0d25cd3e, 306d94e4-7176-41fe-843b-69f8e5107c43, 69da255a-1046-4051-9b2e-f90951b4790f, ANR2DA8CED20, (Point, 55.63304926, -4.56571698), 57.25449016, 1709307777, 1709307777, 94, auto, 519.66625961, 12, 1.30000000, -66.31169894, 0, 1.80000000, -0.08821634, -66.39145590, -0.43213598, -0.16470341, -66.35390136
ab44f28e-88c5-44e4-b9bf-484a0d25cd3e, 306d94e4-7176-41fe-843b-69f8e5107c43, 69da255a-1046-4051-9b2e-f90951b4790f, ANR2DA8CED20, (Point, 55.63315542, -4.56614593), 57.25359799, 1709307778, 1709307778, 94, auto, 519.18629648, 12, 1.30000000, -66.31120772, 0, 1.80000000, -0.08747836, -66.39146669, -0.42705433, -0.16053802, -66.35318418
ab44f28e-88c5-44e4-b9bf-484a0d25cd3e, 306d94e4-7176-41fe-843b-69f8e5107c43, 69da255a-1046-4051-9b2e-f90951b4790f, ANR2DA8CED20, (Point, 55.63326158, -4.56657488), 57.25266149, 1709307779, 1709307779, 94, auto, 517.60370786, 12, 1.30000000, -66.31013913, 0, 1.80000000, -0.08902175, -66.39193809, -0.43522814, -0.16347350, -66.35310459
ab44f28e-88c5-44e4-b9bf-484a0d25cd3e, 306d94e4-7176-41fe-843b-69f8e5107c43, 69da255a-1046-4051-9b2e-f90951b4790f, ANR2DA8CED20, (Point, 55.63336774, -4.56700384), 57.25274946, 1709307780, 1709307780, 94, auto, 517.14664533, 12, 1.30000000, -66.31026855, 0, 1.80000000, -0.08876343, -66.39175533, -0.43475059, -0.16311475, -66.35231676
ab44f28e-88c5-44e4-b9bf-484a0d25cd3e, 306d94e4-7176-41fe-843b-69f8e5107c43, 69da255a-1046-4051-9b2e-f90951b4790f, ANR2DA8CED20, (Point, 55.63347390, -4.56743280), 57.25206916, 1709307781, 1709307781, 94, auto, 516.34912665, 12, 1.30000000, -66.30984960, 0, 1.80000000, -0.08812241, -66.39191488, -0.42814183, -0.16073511, -66.35270754
ab44f28e-88c5-44e4-b9bf-484a0d25cd3e, 306d94e4-7176-41fe-843b-69f8e5107c43, 69da255a-1046-4051-9b2e-f90951b4790f, ANR2DA8CED20, (Point, 55.63358005, -4.56786176), 57.25225664, 1709307782, 1709307782, 94, auto, 516.54851672, 12, 1.30000000, -66.30959781, 0, 1.80000000, -0.08977542, -66.39217251, -0.43693054, -0.16567379, -66.35233580
ab44f28e-88c5-44e4-b9bf-484a0d25cd3e, 306d94e4-7176-41fe-843b-69f8e5107c43, 69da255a-1046-4051-9b2e-f90951b4790f, ANR2DA8CED20, (Point, 55.63368622, -4.56829076), 57.25505675, 1709307783, 1709307783, 94, auto, 515.12691142, 12, 1.30000000, -66.31127321, 0, 1.80000000, -0.08752214, -66.38985219, -0.43000172, -0.16231897, -66.35263243
ab44f28e-88c5-44e4-b9bf-484a0d25cd3e, 306d94e4-7176-41fe-843b-69f8e5107c43, 69da255a-1046-4051-9b2e-f90951b4790f, ANR2DA8CED20, (Point, 55.63379237, -4.56871971), 57.25201384, 1709307784, 1709307784, 93, auto, 514.66603872, 12, 1.30000000, -66.30945940, 0, 1.80000000, -0.08743071, -66.39168995, -0.42551848, -0.15633484, -66.35197497
ab44f28e-88c5-44e4-b9bf-484a0d25cd3e, 306d94e4-7176-41fe-843b-69f8e5107c43, 69da255a-1046-4051-9b2e-f90951b4790f, ANR2DA8CED20, (Point, 55.63389854, -4.56914871), 57.25468725, 1709307785, 1709307785, 93, auto, 513.60335162, 12, 1.30000000, -66.31062140, 0, 1.80000000, -0.08849732, -66.38980654, -0.43005292, -0.16286857, -66.35219366
ab44f28e-88c5-44e4-b9bf-484a0d25cd3e, 306d94e4-7176-41fe-843b-69f8e5107c43, 69da255a-1046-4051-9b2e-f90951b4790f, ANR2DA8CED20, (Point, 55.63400468, -4.56957766), 57.25275560, 1709307786, 1709307786, 93, auto, 514.24354007, 12, 1.30000000, -66.30946272, 0, 1.80000000, -0.08902868, -66.39097479, -0.43480002, -0.16438983, -66.35192769
ab44f28e-88c5-44e4-b9bf-484a0d25cd3e, 306d94e4-7176-41fe-843b-69f8e5107c43, 69da255a-1046-4051-9b2e-f90951b4790f, ANR2DA8CED20, (Point, 55.63411084, -4.57000666), 57.25482345, 1709307787, 1709307787, 93, auto, 514.55936346, 12, 1.30000000, -66.31048868, 0, 1.80000000, -0.08874809, -66.38967305, -0.43430061, -0.16371974, -66.35177315
ab44f28e-88c5-44e4-b9bf-484a0d25cd3e, 306d94e4-7176-41fe-843b-69f8e5107c43, 69da255a-1046-4051-9b2e-f90951b4790f, ANR2DA8CED20, (Point, 55.63421698, -4.57043560), 57.25125200, 1709307788, 1709307788, 93, auto, 513.90975900, 12, 1.30000000, -66.30838386, 0, 1.80000000, -0.09011211, -66.39189325, -0.43043612, -0.15694554, -66.35174848
ab44f28e-88c5-44e4-b9bf-484a0d25cd3e, 306d94e4-7176-41fe-843b-69f8e5107c43, 69da255a-1046-4051-9b2e-f90951b4790f, ANR2DA8CED20, (Point, 55.63432314, -4.57086460), 57.25312573, 1709307789, 1709307789, 93, auto, 513.79493506, 12, 1.30000000, -66.30972713, 0, 1.80000000, -0.08801762, -66.39041992, -0.42942016, -0.16085013, -66.35148803
ab44f28e-88c5-44e4-b9bf-484a0d25cd3e, 306d94e4-7176-41fe-843b-69f8e5107c43, 69da255a-1046-4051-9b2e-f90951b4790f, ANR2DA8CED20, (Point, 55.63442930, -4.57129359), 57.25397738, 1709307790, 1709307790, 93, auto, 513.23436826, 12, 1.30000000, -66.30995487, 0, 1.80000000, -0.08964606, -66.38989137, -0.43876809, -0.16471805, -66.35167591
ab44f28e-88c5-44e4-b9bf-484a0d25cd3e, 306d94e4-7176-41fe-843b-69f8e5107c43, 69da255a-1046-4051-9b2e-f90951b4790f, ANR2DA8CED20, (Point, 55.63453544, -4.57172258), 57.25355785, 1709307791, 1709307791, 93, auto, 512.57325342, 12, 1.30000000, -66.30963317, 0, 1.80000000, -0.08993298, -66.38968785, -0.43641791, -0.16385907, -66.35119030
ab44f28e-88c5-44e4-b9bf-484a0d25cd3e, 306d94e4-7176-41fe-843b-69f8e5107c43, 69da255a-1046-4051-9b2e-f90951b4790f, ANR2DA8CED20, (Point, 55.63464159, -4.57215156), 57.25324528, 1709307792, 1709307792, 93, auto, 512.69342731, 12, 1.30000000, -66.30953488, 0, 1.80000000, -0.08925449, -66.39019817, -0.43383237, -0.16210382, -66.35109037
ab44f28e-88c5-44e4-b9bf-484a0d25cd3e, 306d94e4-7176-41fe-843b-69f8e5107c43, 69da255a-1046-4051-9b2e-f90951b4790f, ANR2DA8CED20, (Point, 55.63474774, -4.57258054), 57.25382493, 1709307793, 1709307793, 93, auto, 511.80524654, 12, 1.30000000, -66.30972022, 0, 1.80000000, -0.08999068, -66.39054265, -0.43855892, -0.16572400, -66.35119731
ab44f28e-88c5-44e4-b9bf-484a0d25cd3e, 306d94e4-7176-41fe-843b-69f8e5107c43, 69da255a-1046-4051-9b2e-f90951b4790f, ANR2DA8CED20, (Point, 55.63485388, -4.57300952), 57.25227095, 1709307794, 1709307794, 93, auto, 511.26862646, 12, 1.30000000, -66.30874519, 0, 1.80000000, -0.09059931, -66.39094878, -0.44012406, -0.16771182, -66.35166514
ab44f28e-88c5-44e4-b9bf-484a0d25cd3e, 306d94e4-7176-41fe-843b-69f8e5107c43, 69da255a-1046-4051-9b2e-f90951b4790f, ANR2DA8CED20, (Point, 55.63496003, -4.57343855), 57.25490013, 1709307795, 1709307795, 93, auto, 510.43631663, 12, 1.30000000, -66.31060230, 0, 1.80000000, -0.08809385, -66.38892708, -0.43200390, -0.16305876, -66.35140371
ab44f28e-88c5-44e4-b9bf-484a0d25cd3e, 306d94e4-7176-41fe-843b-69f8e5107c43, 69da255a-1046-4051-9b2e-f90951b4790f, ANR2DA8CED20, (Point, 55.63506617, -4.57386753), 57.25389572, 1709307796, 1709307796, 93, auto, 509.74192368, 12, 1.30000000, -66.30972289, 0, 1.80000000, -0.08927718, -66.38993283, -0.43242857, -0.16389979, -66.35122195
ab44f28e-88c5-44e4-b9bf-484a0d25cd3e, 306d94e4-7176-41fe-843b-69f8e5107c43, 69da255a-1046-4051-9b2e-f90951b4790f, ANR2DA8CED20, (Point, 55.63517231, -4.57429652), 57.25364480, 1709307797, 1709307797, 93, auto, 509.16589798, 12, 1.30000000, -66.30986656, 0, 1.80000000, -0.08932123, -66.38976902, -0.43309585, -0.16380720, -66.35143194
ab44f28e-88c5-44e4-b9bf-484a0d25cd3e, 306d94e4-7176-41fe-843b-69f8e5107c43, 69da255a-1046-4051-9b2e-f90951b4790f, ANR2DA8CED20, (Point, 55.63527844, -4.57472552), 57.25443253, 1709307798, 1709307798, 93, auto, 508.91618509, 12, 1.30000000, -66.30984632, 0, 1.80000000, -0.09016972, -66.38973818, -0.43754427, -0.16732455, -66.35151133
ab44f28e-88c5-44e4-b9bf-484a0d25cd3e, 306d94e4-7176-41fe-843b-69f8e5107c43, 69da255a-1046-4051-9b2e-f90951b4790f, ANR2DA8CED20, (Point, 55.63538457, -4.57515449), 57.25038289, 1709307799, 1709307799, 93, auto, 508.47691012, 12, 1.30000000, -66.30790690, 0, 1.80000000, -0.08958038, -66.39225564, -0.43022667, -0.15620182, -66.35113985
ab44f28e-88c5-44e4-b9bf-484a0d25cd3e, 306d94e4-7176-41fe-843b-69f8e5107c43, 69da255a-1046-4051-9b2e-f90951b4790f, ANR2DA8CED20, (Point, 55.63549072, -4.57558352), 57.25244365, 1709307800, 1709307800, 93, auto, 507.06285107, 12, 1.30000000, -66.30911891, 0, 1.80000000, -0.08858978, -66.39089979, -0.43016013, -0.16205510, -66.35140422
ab44f28e-88c5-44e4-b9bf-484a0d25cd3e, 306d94e4-7176-41fe-843b-69f8e5107c43, 69da255a-1046-4051-9b2e-f90951b4790f, ANR2DA8CED20, (Point, 55.63559685, -4.57601254), 57.25382505, 1709307801, 1709307801, 93, auto, 507.10193372, 12, 1.30000000, -66.30980123, 0, 1.80000000, -0.08859008, -66.38977039, -0.43112022, -0.16381676, -66.35129146
ab44f28e-88c5-44e4-b9bf-484a0d25cd3e, 306d94e4-7176-41fe-843b-69f8e5107c43, 69da255a-1046-4051-9b2e-f90951b4790f, ANR2DA8CED20, (Point, 55.63570298, -4.57644155), 57.25289073, 1709307802, 1709307802, 93, auto, 506.14034758, 12, 1.30000000, -66.30943557, 0, 1.80000000, -0.08895145, -66.39033651, -0.43264311, -0.16368776, -66.35080613
ab44f28e-88c5-44e4-b9bf-484a0d25cd3e, 306d94e4-7176-41fe-843b-69f8e5107c43, 69da255a-1046-4051-9b2e-f90951b4790f, ANR2DA8CED20, (Point, 55.63580912, -4.57687059), 57.25485846, 1709307803, 1709307803, 93, auto, 505.81677661, 12, 1.30000000, -66.31043592, 0, 1.80000000, -0.08858528, -66.38898163, -0.43229177, -0.16519050, -66.35123290
ab44f28e-88c5-44e4-b9bf-484a0d25cd3e, 306d94e4-7176-41fe-843b-69f8e5107c43, 69da255a-1046-4051-9b2e-f90951b4790f, ANR2DA8CED20, (Point, 55.63591525, -4.57729958), 57.25204190, 1709307804, 1709307804, 93, auto, 505.23680211, 12, 1.30000000, -66.30916482, 0, 1.80000000, -0.08834663, -66.39000773, -0.42874471, -0.16018216, -66.35119130
ab44f28e-88c5-44e4-b9bf-484a0d25cd3e, 306d94e4-7176-41fe-843b-69f8e5107c43, 69da255a-1046-4051-9b2e-f90951b4790f, ANR2DA8CED20, (Point, 55.63602138, -4.57772861), 57.25576136, 1709307805, 1709307805, 93, auto, 505.14429928, 12, 1.30000000, -66.31080689, 0, 1.80000000, -0.08934721, -66.38844768, -0.43560046, -0.16564559, -66.35114663
ab44f28e-88c5-44e4-b9bf-484a0d25cd3e, 306d94e4-7176-41fe-843b-69f8e5107c43, 69da255a-1046-4051-9b2e-f90951b4790f, ANR2DA8CED20, (Point, 55.63612750, -4.57815762), 57.25351816, 1709307806, 1709307806, 93, auto, 504.36297320, 12, 1.30000000, -66.30989043, 0, 1.80000000, -0.08756499, -66.38995987, -0.42815486, -0.15850572, -66.35096327
ab44f28e-88c5-44e4-b9bf-484a0d25cd3e, 306d94e4-7176-41fe-843b-69f8e5107c43, 69da255a-1046-4051-9b2e-f90951b4790f, ANR2DA8CED20, (Point, 55.63623364, -4.57858667), 57.25731535, 1709307807, 1709307807, 93, auto, 504.65826083, 12, 1.30000000, -66.31196252, 0, 1.80000000, -0.08734907, -66.38710608, -0.42901043, -0.16440215, -66.35128642
ab44f28e-88c5-44e4-b9bf-484a0d25cd3e, 306d94e4-7176-41fe-843b-69f8e5107c43, 69da255a-1046-4051-9b2e-f90951b4790f, ANR2DA8CED20, (Point, 55.63633974, -4.57901563), 57.25133666, 1709307808, 1709307808, 93, auto, 504.11747201, 12, 1.30000000, -66.30868070, 0, 1.80000000, -0.08849039, -66.39065522, -0.42857870, -0.15812341, -66.35123927
ab44f28e-88c5-44e4-b9bf-484a0d25cd3e, 306d94e4-7176-41fe-843b-69f8e5107c43, 69da255a-1046-4051-9b2e-f90951b4790f, ANR2DA8CED20, (Point, 55.63644588, -4.57944468), 57.25456185, 1709307809, 1709307809, 93, auto, 503.66077723, 12, 1.30000000, -66.31033692, 0, 1.80000000, -0.08836035, -66.38856215, -0.42917278, -0.16419595, -66.35134094
ab44f28e-88c5-44e4-b9bf-484a0d25cd3e, 306d94e4-7176-41fe-843b-69f8e5107c43, 69da255a-1046-4051-9b2e-f90951b4790f, ANR2DA8CED20, (Point, 55.63655199, -4.57987369), 57.25292480, 1709307810, 1709307810, 93, auto, 503.22752975, 12, 1.30000000, -66.30949427, 0, 1.80000000, -0.08976380, -66.38978421, -0.43408929, -0.16159014, -66.35111258
ab44f28e-88c5-44e4-b9bf-484a0d25cd3e, 306d94e4-7176-41fe-843b-69f8e5107c43, 69da255a-1046-4051-9b2e-f90951b4790f, ANR2DA8CED20, (Point, 55.63665811, -4.58030272), 57.25457920, 1709307811, 1709307811, 93, auto, 502.31968264, 12, 1.30000000, -66.31033977, 0, 1.80000000, -0.08934484, -66.38870496, -0.43428631, -0.16542310, -66.35111424
ab44f28e-88c5-44e4-b9bf-484a0d25cd3e, 306d94e4-7176-41fe-843b-69f8e5107c43, 69da255a-1046-4051-9b2e-f90951b4790f, ANR2DA8CED20, (Point, 55.63676423, -4.58073174), 57.25482558, 1709307812, 1709307812, 92, auto, 501.56126145, 12, 1.30000000, -66.31037070, 0, 1.80000000, -0.09012457, -66.38928855, -0.43754904, -0.16379678, -66.35054997
ab44f28e-88c5-44e4-b9bf-484a0d25cd3e, 306d94e4-7176-41fe-843b-69f8e5107c43, 69da255a-1046-4051-9b2e-f90951b4790f, ANR2DA8CED20, (Point, 55.63687034, -4.58116075), 57.25273713, 1709307813, 1709307813, 92, auto, 501.50350386, 12, 1.30000000, -66.30929839, 0, 1.80000000, -0.09022955, -66.39040786, -0.43871750, -0.16476572, -66.35142550
