fd92d4ed-a7fd-4b0c-adf0-59acb03ffe84, tp66c58f4b-200e-452c-99c9-29b73cf26663, 74fe9d43-63b0-4721-83a4-3550f020b6ce, ANR2DA8CED20, (Point, 55.43033627, -4.59555834), 3.54679200, 1705929362, 1705929362, 100, auto, 168.56100302, 12, 1.30000000, 0.48763667, 0, 1.80000000, 0.08927646, 0.61557368, 8.53189807, 2.19752335, 0.00000000
fd92d4ed-a7fd-4b0c-adf0-59acb03ffe84, tp834f2074-3695-4eb5-90c2-b1f1c133d545, 74fe9d43-63b0-4721-83a4-3550f020b6ce, ANR2DA8CED20, (Point, 55.43035104, -4.59555792), 1.62129163, 1705929363, 1705929363, 100, auto, 175.07056793, 12, 1.30000000, 1.94588481, 0, 1.80000000, 0.18628850, 1.08357773, 28.70303330, 2.82107304, 0.00000000
fd92d4ed-a7fd-4b0c-adf0-59acb03ffe84, tp98af6685-e3f2-4909-8e11-dbeae71ba56e, 74fe9d43-63b0-4721-83a4-3550f020b6ce, ANR2DA8CED20, (Point, 55.43035512, -4.59555746), 1.03239315, 1705929364, 1705929364, 100, auto, 182.25964820, 12, 1.30000000, 3.60545315, 0, 1.80000000, 0.08236197, 1.50343885, 28.36259015, 3.17064263, 0.00000000
fd92d4ed-a7fd-4b0c-adf0-59acb03ffe84, tpe40377bc-8fb3-4044-b057-30525177ff6d, 74fe9d43-63b0-4721-83a4-3550f020b6ce, ANR2DA8CED20, (Point, 55.43036208, -4.59555681), 1.73607239, 1705929365, 1705929365, 100, auto, 192.71252253, 12, 1.30000000, 3.17568010, 0, 1.80000000, 0.14785670, 2.13509362, 28.82596405, 3.33218280, 0.00000000
fd92d4ed-a7fd-4b0c-adf0-59acb03ffe84, tpea60494b-8ee8-4065-abf4-af54d61c25be, 74fe9d43-63b0-4721-83a4-3550f020b6ce, ANR2DA8CED20, (Point, 55.43036945, -4.59555590), 1.44957684, 1705929366, 1705929366, 100, auto, 203.55001853, 12, 1.30000000, 5.14479749, 0, 1.80000000, 0.27598352, 2.94089676, 32.08984539, 3.56172308, 0.00000000
fd92d4ed-a7fd-4b0c-adf0-59acb03ffe84, tp46e0b0b8-3f2c-47ca-9c2a-a1e833aa6777, 74fe9d43-63b0-4721-83a4-3550f020b6ce, ANR2DA8CED20, (Point, 55.43037595, -4.59555461), 1.41126380, 1705929367, 1705929367, 100, auto, 214.42472973, 12, 1.30000000, 7.63720627, 0, 1.80000000, 0.38845596, 4.01786139, 33.84152866, 3.76016115, 0.00000000
fd92d4ed-a7fd-4b0c-adf0-59acb03ffe84, tpaa4e6631-c096-401a-8b63-3602f56471fd, 74fe9d43-63b0-4721-83a4-3550f020b6ce, ANR2DA8CED20, (Point, 55.43038238, -4.59555276), 1.40414237, 1705929368, 1705929368, 100, auto, 226.41891922, 12, 1.30000000, 11.21595813, 0, 1.80000000, 0.63019243, 5.59269092, 35.28432898, 3.92082200, 0.00000000
fd92d4ed-a7fd-4b0c-adf0-59acb03ffe84, tpaf0ca358-e578-428c-8586-c908ec9de790, 74fe9d43-63b0-4721-83a4-3550f020b6ce, ANR2DA8CED20, (Point, 55.43038863, -4.59555001), 1.38620940, 1705929369, 1705929369, 100, auto, 238.94870314, 12, 1.30000000, 17.30812295, 0, 1.80000000, 1.04112219, 7.95256180, 36.56238287, 4.06150228, 0.00000000
fd92d4ed-a7fd-4b0c-adf0-59acb03ffe84, tp5eba23e7-cd49-47d8-a9d0-991c92c221b2, 74fe9d43-63b0-4721-83a4-3550f020b6ce, ANR2DA8CED20, (Point, 55.43039457, -4.59554581), 1.38787996, 1705929370, 1705929370, 100, auto, 251.09055715, 12, 1.30000000, 27.29876191, 0, 1.80000000, 1.74730347, 11.62858520, 37.68821940, 4.18027157, 0.00000000
fd92d4ed-a7fd-4b0c-adf0-59acb03ffe84, tp64c6025f-949f-468c-8146-96f061d47cfe, 74fe9d43-63b0-4721-83a4-3550f020b6ce, ANR2DA8CED20, (Point, 55.43039995, -4.59553923), 1.47206491, 1705929371, 1705929371, 100, auto, 264.67830972, 12, 1.30000000, 43.11764822, 0, 1.80000000, 2.99811017, 17.54449923, 38.61839916, 4.28312889, 0.00000000
fd92d4ed-a7fd-4b0c-adf0-59acb03ffe84, tp64b29dea-7178-4009-90aa-2e285320feb7, 74fe9d43-63b0-4721-83a4-3550f020b6ce, ANR2DA8CED20, (Point, 55.43040401, -4.59552904), 1.58109730, 1705929372, 1705929372, 100, auto, 277.66392392, 12, 1.30000000, 71.06134649, 0, 1.80000000, 4.83175177, 26.61398218, 38.03323872, 4.14026738, 0.00000000
fd92d4ed-a7fd-4b0c-adf0-59acb03ffe84, tp95b421a9-3049-49ae-8f50-6c4dde452673, 74fe9d43-63b0-4721-83a4-3550f020b6ce, ANR2DA8CED20, (Point, 55.43040761, -4.59551432), 2.04234977, 1705929373, 1705929373, 100, auto, 291.64963835, 12, 1.30000000, 82.01134039, 0, 1.80000000, 6.22864249, 38.09746358, 38.34145496, 4.11675292, 0.00000000
fd92d4ed-a7fd-4b0c-adf0-59acb03ffe84, tp900b4e89-8a8e-42a6-aaee-4b2948e1e6ba, 74fe9d43-63b0-4721-83a4-3550f020b6ce, ANR2DA8CED20, (Point, 55.43040350, -4.59549290), 3.41498379, 1705929374, 1705929374, 100, auto, 304.57502411, 12, 1.30000000, 111.85878344, 0, 1.80000000, 13.39237630, 63.05782035, 37.90061456, 4.49579954, 0.00000000
fd92d4ed-a7fd-4b0c-adf0-59acb03ffe84, tpb9b49320-7579-4e85-a1ea-146e6e443674, 74fe9d43-63b0-4721-83a4-3550f020b6ce, ANR2DA8CED20, (Point, 55.43038957, -4.59546162), 7.25791174, 1705929375, 1705929375, 100, auto, 318.09452559, 12, 1.30000000, 138.38960013, 0, 1.80000000, 20.59541358, 112.93740906, 26.96507682, 4.22367808, 0.00000000
fd92d4ed-a7fd-4b0c-adf0-59acb03ffe84, tped6d5808-e47a-4b8f-b25e-10b262f5a33c, 74fe9d43-63b0-4721-83a4-3550f020b6ce, ANR2DA8CED20, (Point, 55.43034368, -4.59538549), 20.36338093, 1705929376, 1705929376, 100, auto, 332.95778332, 12, 1.30000000, 138.11613847, 0, 1.80000000, -17.85126855, 153.82815477, -11.67983313, -1.91806484, 112.92359339
fd92d4ed-a7fd-4b0c-adf0-59acb03ffe84, tp91d2d51b-e49e-4700-b32a-1d02b3620f26, 74fe9d43-63b0-4721-83a4-3550f020b6ce, ANR2DA8CED20, (Point, 55.43025679, -4.59522468), 33.59159291, 1705929377, 1705929377, 100, auto, 337.60499792, 12, 1.30000000, 125.72029673, 0, 1.80000000, -22.92816148, 124.13054464, -10.87767493, -2.45695256, 153.82679589
fd92d4ed-a7fd-4b0c-adf0-59acb03ffe84, tp45e6d7a1-5c75-433b-b5eb-3d6f72263608, 74fe9d43-63b0-4721-83a4-3550f020b6ce, ANR2DA8CED20, (Point, 55.43016609, -4.59495173), 44.23792526, 1705929378, 1705929378, 100, auto, 329.67980234, 12, 1.30000000, 114.90609143, 0, 1.80000000, -21.54290659, 114.65368485, -8.99348120, -3.42681487, 124.11554879
fd92d4ed-a7fd-4b0c-adf0-59acb03ffe84, tp100893ce-6c6f-4711-bb8d-5e68f1e981b8, 74fe9d43-63b0-4721-83a4-3550f020b6ce, ANR2DA8CED20, (Point, 55.43009068, -4.59458229), 52.99453489, 1705929379, 1705929379, 100, auto, 318.35951633, 12, 1.30000000, 105.16357797, 0, 1.80000000, -21.50466329, 105.16390343, -5.78471404, -2.74898888, 114.64468404
fd92d4ed-a7fd-4b0c-adf0-59acb03ffe84, tp0c10c8ed-9c43-485c-99b3-eee19056d552, 74fe9d43-63b0-4721-83a4-3550f020b6ce, ANR2DA8CED20, (Point, 55.43005031, -4.59413563), 56.56789452, 1705929380, 1705929380, 100, auto, 308.29763213, 12, 1.30000000, 90.76977896, 0, 1.80000000, -29.90176401, 91.36601207, 6.36802691, 3.25216610, 105.15200650
fd92d4ed-a7fd-4b0c-adf0-59acb03ffe84, tp6a8e1f60-710a-47a6-b52f-5d59b51a1005, 74fe9d43-63b0-4721-83a4-3550f020b6ce, ANR2DA8CED20, (Point, 55.43007089, -4.59367712), 56.84009596, 1705929381, 1705929381, 100, auto, 306.19056882, 12, 1.30000000, 80.70556508, 0, 1.80000000, -30.17686229, 80.58928912, 4.22976953, 2.23832081, 91.34148434
fd92d4ed-a7fd-4b0c-adf0-59acb03ffe84, tp53004ec5-be1e-4075-955b-47a64923b20a, 74fe9d43-63b0-4721-83a4-3550f020b6ce, ANR2DA8CED20, (Point, 55.43013620, -4.59322918), 57.05017007, 1705929382, 1705929382, 100, auto, 315.29107327, 12, 1.30000000, 70.51621487, 0, 1.80000000, -30.13362646, 70.44520879, 2.68605109, 1.37524607, 80.58567001
fd92d4ed-a7fd-4b0c-adf0-59acb03ffe84, tp1112ae11-d8bc-4ef4-af15-f1e4b12427e0, 74fe9d43-63b0-4721-83a4-3550f020b6ce, ANR2DA8CED20, (Point, 55.43024868, -4.59281072), 56.98494329, 1705929383, 1705929383, 100, auto, 320.42459269, 12, 1.30000000, 59.01860051, 0, 1.80000000, -30.12005890, 58.97470652, 3.38988983, 1.71962363, 70.44820182
fd92d4ed-a7fd-4b0c-adf0-59acb03ffe84, tp9530e339-f3a9-4069-9695-ab8216481f06, 74fe9d43-63b0-4721-83a4-3550f020b6ce, ANR2DA8CED20, (Point, 55.43040650, -4.59244125), 56.87707126, 1705929384, 1705929384, 99, auto, 325.15772042, 12, 1.30000000, 47.35283222, 0, 1.80000000, -30.13786823, 47.27937120, 4.30564837, 2.18359676, 58.97864915
fd92d4ed-a7fd-4b0c-adf0-59acb03ffe84, tpd4fc7053-c0ed-4fc2-ae6a-47f22f03b6ab, 74fe9d43-63b0-4721-83a4-3550f020b6ce, ANR2DA8CED20, (Point, 55.43060327, -4.59213651), 56.74108225, 1705929385, 1705929385, 99, auto, 331.15198102, 12, 1.30000000, 35.60466590, 0, 1.80000000, -30.15530780, 35.51654291, 5.31155950, 2.69645476, 47.28708746
fd92d4ed-a7fd-4b0c-adf0-59acb03ffe84, tpee804d02-d308-4595-9337-829346ecdfa5, 74fe9d43-63b0-4721-83a4-3550f020b6ce, ANR2DA8CED20, (Point, 55.43083067, -4.59190926), 56.59236650, 1705929386, 1705929386, 99, auto, 339.24730573, 12, 1.30000000, 23.84782287, 0, 1.80000000, -30.16939839, 23.75279708, 6.28751508, 3.18905698, 35.52850375
fd92d4ed-a7fd-4b0c-adf0-59acb03ffe84, tpfcace453-ee9c-4110-993b-4ccb23009f97, 74fe9d43-63b0-4721-83a4-3550f020b6ce, ANR2DA8CED20, (Point, 55.43107895, -4.59176851), 56.44308520, 1705929387, 1705929387, 99, auto, 348.61101344, 12, 1.30000000, 12.14027661, 0, 1.80000000, -30.18169182, 12.03949596, 7.13717324, 3.62160091, 23.76766555
fd92d4ed-a7fd-4b0c-adf0-59acb03ffe84, tp93210011-50ff-4c9d-a8d2-51f70b0f2c2e, 74fe9d43-63b0-4721-83a4-3550f020b6ce, ANR2DA8CED20, (Point, 55.43133769, -4.59171904), 56.31347393, 1705929388, 1705929388, 99, auto, 360.48550486, 12, 1.30000000, 0.52589709, 0, 1.80000000, -30.18946199, 0.42658981, 7.78489069, 3.94753410, 12.05828089
fd92d4ed-a7fd-4b0c-adf0-59acb03ffe84, tp1db7354a-cb02-4359-9653-f36ea8e2d4e1, 74fe9d43-63b0-4721-83a4-3550f020b6ce, ANR2DA8CED20, (Point, 55.43159630, -4.59176165), 56.21981808, 1705929389, 1705929389, 99, auto, 373.98276719, 12, 1.30000000, -10.95496301, 0, 1.80000000, -30.19296774, -11.05068755, 8.17874422, 4.15350076, 0.44604401
fd92d4ed-a7fd-4b0c-adf0-59acb03ffe84, tpadc57c9b-5c77-4872-817b-ca25643b8a86, 74fe9d43-63b0-4721-83a4-3550f020b6ce, ANR2DA8CED20, (Point, 55.43184492, -4.59189158), 56.07953793, 1705929390, 1705929390, 99, auto, 386.88395004, 12, 1.30000000, -20.94225001, 0, 1.80000000, -7.89311133, -22.30581566, 8.50276492, 4.47964219, -11.02843852
fd92d4ed-a7fd-4b0c-adf0-59acb03ffe84, tp8d86b33c-0a0f-4498-b716-cda5d767709a, 74fe9d43-63b0-4721-83a4-3550f020b6ce, ANR2DA8CED20, (Point, 55.43208591, -4.59205991), 56.13475093, 1705929391, 1705929391, 99, auto, 400.48736302, 12, 1.30000000, -21.49100666, 0, 1.80000000, 2.20440449, -21.69617445, 8.33790042, 4.30419480, -22.27385971
fd92d4ed-a7fd-4b0c-adf0-59acb03ffe84, tpe64239a4-52cb-433e-8914-87c965ac78dc, 74fe9d43-63b0-4721-83a4-3550f020b6ce, ANR2DA8CED20, (Point, 55.43232830, -4.59222406), 56.15189468, 1705929392, 1705929392, 99, auto, 415.15705969, 12, 1.30000000, -20.57608400, 0, 1.80000000, 2.96143156, -20.66678004, 8.26822301, 4.27073008, -21.65386804
fd92d4ed-a7fd-4b0c-adf0-59acb03ffe84, tp6ee2c94c-3dee-48af-b18f-d4388792fc04, 74fe9d43-63b0-4721-83a4-3550f020b6ce, ANR2DA8CED20, (Point, 55.43257233, -4.59238084), 56.15894644, 1705929393, 1705929393, 99, auto, 429.88688654, 12, 1.30000000, -19.50760988, 0, 1.80000000, 3.27924987, -19.59771273, 8.24511671, 4.25789306, -20.62686753
fd92d4ed-a7fd-4b0c-adf0-59acb03ffe84, tp51d3a9ab-787c-4849-900a-ba01ece6f94c, 74fe9d43-63b0-4721-83a4-3550f020b6ce, ANR2DA8CED20, (Point, 55.43281808, -4.59252921), 56.15709406, 1705929394, 1705929394, 99, auto, 443.46203886, 12, 1.30000000, -18.33155616, 0, 1.80000000, 3.61030772, -18.41874550, 8.25506665, 4.26385344, -19.56043989
fd92d4ed-a7fd-4b0c-adf0-59acb03ffe84, tp7269254d-2806-4890-8f6f-ae4b7563c276, 74fe9d43-63b0-4721-83a4-3550f020b6ce, ANR2DA8CED20, (Point, 55.43306560, -4.59266823), 56.15421051, 1705929395, 1705929395, 99, auto, 457.24219719, 12, 1.30000000, -17.04468383, 0, 1.80000000, 3.95048274, -17.12256516, 8.28168782, 4.27358853, -18.38435769
fd92d4ed-a7fd-4b0c-adf0-59acb03ffe84, tpb1bd37fe-15c2-4184-aa29-1317a2b453be, 74fe9d43-63b0-4721-83a4-3550f020b6ce, ANR2DA8CED20, (Point, 55.43331485, -4.59279693), 56.14480948, 1705929396, 1705929396, 99, auto, 471.67998334, 12, 1.30000000, -15.64233386, 0, 1.80000000, 4.28494644, -15.71372195, 8.34077733, 4.29870288, -17.09234879
fd92d4ed-a7fd-4b0c-adf0-59acb03ffe84, tp93a5f2b2-d9bc-4d0e-a7b8-8adb4c1dd1b6, 74fe9d43-63b0-4721-83a4-3550f020b6ce, ANR2DA8CED20, (Point, 55.43356579, -4.59291438), 56.12816714, 1705929397, 1705929397, 99, auto, 486.13008931, 12, 1.30000000, -14.12787695, 0, 1.80000000, 4.59043525, -14.19781281, 8.41690785, 4.33831237, -15.68628490
fd92d4ed-a7fd-4b0c-adf0-59acb03ffe84, tp9ca29d80-da93-4aa4-a77a-be8692b671f4, 74fe9d43-63b0-4721-83a4-3550f020b6ce, ANR2DA8CED20, (Point, 55.43381838, -4.59301967), 56.10845845, 1705929398, 1705929398, 99, auto, 499.34833061, 12, 1.30000000, -12.51419462, 0, 1.80000000, 4.84743897, -12.58524418, 8.50325225, 4.38292290, -14.17047421
fd92d4ed-a7fd-4b0c-adf0-59acb03ffe84, tpc07ccf67-b7fd-4a72-95f6-23ccabba261f, 74fe9d43-63b0-4721-83a4-3550f020b6ce, ANR2DA8CED20, (Point, 55.43407294, -4.59311245), 56.38265614, 1705929399, 1705929399, 99, auto, 513.94844293, 12, 1.30000000, -10.90755435, 0, 1.80000000, 5.74773200, -10.98941560, 6.91127176, 3.63013408, -12.55671261
fd92d4ed-a7fd-4b0c-adf0-59acb03ffe84, tpf3bb8ae6-007a-4743-9b79-13ff83424539, 74fe9d43-63b0-4721-83a4-3550f020b6ce, ANR2DA8CED20, (Point, 55.43433063, -4.59319257), 56.72571267, 1705929400, 1705929400, 99, auto, 528.07791655, 12, 1.30000000, -9.12864591, 0, 1.80000000, 5.85666748, -9.19871006, 4.98144063, 2.64202454, -10.96451007
fd92d4ed-a7fd-4b0c-adf0-59acb03ffe84, tp00e51671-cf45-4547-9c0d-aeb0e1e2e0c9, 74fe9d43-63b0-4721-83a4-3550f020b6ce, ANR2DA8CED20, (Point, 55.43459081, -4.59325866), 56.91617356, 1705929401, 1705929401, 99, auto, 538.67027528, 12, 1.30000000, -7.30576682, 0, 1.80000000, 5.72192615, -7.37438181, 3.55227363, 1.90726074, -9.17202610
fd92d4ed-a7fd-4b0c-adf0-59acb03ffe84, tp88f35487-1987-4dfa-a580-a3df3a3b4e13, 74fe9d43-63b0-4721-83a4-3550f020b6ce, ANR2DA8CED20, (Point, 55.43485277, -4.59331037), 57.03911100, 1705929402, 1705929402, 98, auto, 546.44721007, 12, 1.30000000, -5.50498634, 0, 1.80000000, 5.48842295, -5.56710208, 2.48628473, 1.35461417, -7.34767049
fd92d4ed-a7fd-4b0c-adf0-59acb03ffe84, tp957ec2df-eab5-4cb0-99a2-b3320286e668, 74fe9d43-63b0-4721-83a4-3550f020b6ce, ANR2DA8CED20, (Point, 55.43511593, -4.59334784), 57.11649496, 1705929403, 1705929403, 98, auto, 552.49203972, 12, 1.30000000, -3.76064554, 0, 1.80000000, 5.16295804, -3.82724281, 1.69599318, 0.95227555, -5.54207734
fd92d4ed-a7fd-4b0c-adf0-59acb03ffe84, tp834c6c8e-19d0-44a8-ae3a-b780bc358a11, 74fe9d43-63b0-4721-83a4-3550f020b6ce, ANR2DA8CED20, (Point, 55.43537997, -4.59337164), 57.17094492, 1705929404, 1705929404, 98, auto, 556.48820745, 12, 1.30000000, -2.11798512, 0, 1.80000000, 4.77398822, -2.17616733, 1.11582422, 0.64395301, -3.79811805
fd92d4ed-a7fd-4b0c-adf0-59acb03ffe84, tpcb24f153-48d5-4dd5-bf2f-06cd83224d2e, 74fe9d43-63b0-4721-83a4-3550f020b6ce, ANR2DA8CED20, (Point, 55.43564718, -4.59338265), 57.20230107, 1705929405, 1705929405, 98, auto, 558.68772299, 12, 1.30000000, -0.58255487, 0, 1.80000000, 4.35935699, -0.63151561, 0.68895763, 0.42675936, -2.15020466
fd92d4ed-a7fd-4b0c-adf0-59acb03ffe84, tp31ca18a9-9896-48e2-bc0e-1b7b1f6160ab, 74fe9d43-63b0-4721-83a4-3550f020b6ce, ANR2DA8CED20, (Point, 55.43591186, -4.59338166), 57.22252530, 1705929406, 1705929406, 98, auto, 559.99179910, 12, 1.30000000, 0.80254246, 0, 1.80000000, 3.90671184, 0.75955607, 0.38449649, 0.27103806, -0.61073446
fd92d4ed-a7fd-4b0c-adf0-59acb03ffe84, tp880bda1d-0d59-494c-8d29-f1cbad7eb15b, 74fe9d43-63b0-4721-83a4-3550f020b6ce, ANR2DA8CED20, (Point, 55.43617637, -4.59337001), 57.23089441, 1705929407, 1705929407, 98, auto, 561.42893865, 12, 1.30000000, 2.04550756, 0, 1.80000000, 3.43670929, 1.99656458, 0.14373182, 0.14117773, 0.77915854
fd92d4ed-a7fd-4b0c-adf0-59acb03ffe84, tpc13f886a-0833-44f8-a549-85032a2a582a, 74fe9d43-63b0-4721-83a4-3550f020b6ce, ANR2DA8CED20, (Point, 55.43644076, -4.59334891), 57.23867920, 1705929408, 1705929408, 98, auto, 561.93662105, 12, 1.30000000, 3.14389961, 0, 1.80000000, 2.99858681, 3.08844469, -0.02449463, 0.04905355, 2.02043846
fd92d4ed-a7fd-4b0c-adf0-59acb03ffe84, tpe62605a0-e612-41a5-ba0c-36fe8158a0d4, 74fe9d43-63b0-4721-83a4-3550f020b6ce, ANR2DA8CED20, (Point, 55.43670493, -4.59331949), 57.24242365, 1705929409, 1705929409, 98, auto, 562.71449028, 12, 1.30000000, 4.10736043, 0, 1.80000000, 2.59254076, 4.04278056, -0.15179602, -0.01524574, 3.11590714
fd92d4ed-a7fd-4b0c-adf0-59acb03ffe84, tp29465947-361c-4e59-93f8-38ef3c41dede, 74fe9d43-63b0-4721-83a4-3550f020b6ce, ANR2DA8CED20, (Point, 55.43696887, -4.59328282), 57.24573792, 1705929410, 1705929410, 98, auto, 563.61564543, 12, 1.30000000, 4.94426718, 0, 1.80000000, 2.22893052, 4.87374039, -0.24496204, -0.06574411, 4.07475553
fd92d4ed-a7fd-4b0c-adf0-59acb03ffe84, tp314bdfbf-de76-4e33-b88b-b7eb86f2e0da, 74fe9d43-63b0-4721-83a4-3550f020b6ce, ANR2DA8CED20, (Point, 55.43723254, -4.59323987), 57.24714226, 1705929411, 1705929411, 98, auto, 563.10231439, 12, 1.30000000, 5.66806835, 0, 1.80000000, 1.90322192, 5.59204981, -0.31860327, -0.10218530, 4.90867902
fd92d4ed-a7fd-4b0c-adf0-59acb03ffe84, tp05042c47-914c-4a6d-9cf0-aefc2a86d040, 74fe9d43-63b0-4721-83a4-3550f020b6ce, ANR2DA8CED20, (Point, 55.43749596, -4.59319149), 57.25166770, 1705929412, 1705929412, 98, auto, 562.01058581, 12, 1.30000000, 6.28873411, 0, 1.80000000, 1.62048335, 6.21442617, -0.36654884, -0.12879523, 5.62955614
fd92d4ed-a7fd-4b0c-adf0-59acb03ffe84, tp029b4770-8b1c-4ebd-a067-ba174167d06b, 74fe9d43-63b0-4721-83a4-3550f020b6ce, ANR2DA8CED20, (Point, 55.43775907, -4.59313847), 57.24967388, 1705929413, 1705929413, 98, auto, 561.57311447, 12, 1.30000000, 6.82445207, 0, 1.80000000, 1.36485442, 6.74413493, -0.40446436, -0.14572315, 6.25069901
fd92d4ed-a7fd-4b0c-adf0-59acb03ffe84, tpe9d3284c-75f1-40e4-9276-dfca630c7a90, 74fe9d43-63b0-4721-83a4-3550f020b6ce, ANR2DA8CED20, (Point, 55.43802198, -4.59308147), 57.25409016, 1705929414, 1705929414, 98, auto, 561.40112476, 12, 1.30000000, 7.27735261, 0, 1.80000000, 1.15859904, 7.20043894, -0.43251531, -0.16133306, 6.78342353
fd92d4ed-a7fd-4b0c-adf0-59acb03ffe84, tpcefe6a4e-5fcf-48d2-8ab5-8fad47b04173, 74fe9d43-63b0-4721-83a4-3550f020b6ce, ANR2DA8CED20, (Point, 55.43828462, -4.59302107), 57.25403181, 1705929415, 1705929415, 98, auto, 560.91094268, 12, 1.30000000, 7.66739136, 0, 1.80000000, 0.97812007, 7.58942640, -0.44243978, -0.17010355, 7.23818744
fd92d4ed-a7fd-4b0c-adf0-59acb03ffe84, tpb660cff2-294f-421c-b3df-94eb61fcbb6c, 74fe9d43-63b0-4721-83a4-3550f020b6ce, ANR2DA8CED20, (Point, 55.43854704, -4.59295777), 57.25470464, 1705929416, 1705929416, 98, auto, 560.81546784, 12, 1.30000000, 8.00023065, 0, 1.80000000, 0.81664243, 7.92045728, -0.47205256, -0.18180628, 7.62752561
fd92d4ed-a7fd-4b0c-adf0-59acb03ffe84, tp02112475-c915-4ea4-a937-f30c9f5b7ddf, 74fe9d43-63b0-4721-83a4-3550f020b6ce, ANR2DA8CED20, (Point, 55.43880929, -4.59289200), 57.25564500, 1705929417, 1705929417, 98, auto, 560.74996045, 12, 1.30000000, 8.28266111, 0, 1.80000000, 0.68501357, 8.20459402, -0.47176116, -0.18589718, 7.95925659
fd92d4ed-a7fd-4b0c-adf0-59acb03ffe84, tp23801423-1ae5-4d65-8120-18573f33d97f, 74fe9d43-63b0-4721-83a4-3550f020b6ce, ANR2DA8CED20, (Point, 55.43907135, -4.59282413), 57.25507514, 1705929418, 1705929418, 98, auto, 560.06385108, 12, 1.30000000, 8.52459915, 0, 1.80000000, 0.56908937, 8.44432066, -0.48277394, -0.19068744, 8.24282967
fd92d4ed-a7fd-4b0c-adf0-59acb03ffe84, tpa932b84f-a93f-4103-9593-59c301141a07, 74fe9d43-63b0-4721-83a4-3550f020b6ce, ANR2DA8CED20, (Point, 55.43933327, -4.59275447), 57.25666249, 1705929419, 1705929419, 98, auto, 558.55830323, 12, 1.30000000, 8.72943095, 0, 1.80000000, 0.47000153, 8.65065205, -0.48821468, -0.18817001, 8.48343942
fd92d4ed-a7fd-4b0c-adf0-59acb03ffe84, tp988c023c-5f77-42d6-81e3-479cac50db8f, 74fe9d43-63b0-4721-83a4-3550f020b6ce, ANR2DA8CED20, (Point, 55.43959505, -4.59268330), 57.25406888, 1705929420, 1705929420, 98, auto, 557.87332736, 12, 1.30000000, 8.90528619, 0, 1.80000000, 0.38856331, 8.82456470, -0.48393861, -0.19015639, 8.68889259
fd92d4ed-a7fd-4b0c-adf0-59acb03ffe84, tp05d6e860-54ae-4959-9013-b142a0826e6d, 74fe9d43-63b0-4721-83a4-3550f020b6ce, ANR2DA8CED20, (Point, 55.43985671, -4.59261083), 57.25308232, 1705929421, 1705929421, 98, auto, 557.73164125, 12, 1.30000000, 9.05482785, 0, 1.80000000, 0.31471815, 8.97147076, -0.49874250, -0.19508864, 8.86409670
fd92d4ed-a7fd-4b0c-adf0-59acb03ffe84, tp7394cca2-af5a-48d3-9726-a282d676205e, 74fe9d43-63b0-4721-83a4-3550f020b6ce, ANR2DA8CED20, (Point, 55.44011829, -4.59253724), 57.25537116, 1705929422, 1705929422, 98, auto, 556.31149107, 12, 1.30000000, 9.17976052, 0, 1.80000000, 0.25537065, 9.09927847, -0.49683600, -0.19775242, 9.01221922
fd92d4ed-a7fd-4b0c-adf0-59acb03ffe84, tpa975599c-4df5-4742-bf57-5fe84de18e87, 74fe9d43-63b0-4721-83a4-3550f020b6ce, ANR2DA8CED20, (Point, 55.44037978, -4.59246273), 57.25638158, 1705929423, 1705929423, 98, auto, 556.30175466, 12, 1.30000000, 9.28688287, 0, 1.80000000, 0.20355448, 9.20666905, -0.49944881, -0.19916285, 9.13803380
fd92d4ed-a7fd-4b0c-adf0-59acb03ffe84, tp8d135936-d6fa-4cbc-b08a-1859a7e22634, 74fe9d43-63b0-4721-83a4-3550f020b6ce, ANR2DA8CED20, (Point, 55.44064119, -4.59238743), 57.25573544, 1705929424, 1705929424, 98, auto, 555.73987968, 12, 1.30000000, 9.37859221, 0, 1.80000000, 0.15897437, 9.29760959, -0.50031291, -0.19403594, 9.24543148
fd92d4ed-a7fd-4b0c-adf0-59acb03ffe84, tp386c2442-e849-4fd4-8d7c-2a69fb327a47, 74fe9d43-63b0-4721-83a4-3550f020b6ce, ANR2DA8CED20, (Point, 55.44090254, -4.59231145), 57.25513410, 1705929425, 1705929425, 98, auto, 555.21264931, 12, 1.30000000, 9.45654556, 0, 1.80000000, 0.12218405, 9.37529893, -0.49880219, -0.19690648, 9.33668325
fd92d4ed-a7fd-4b0c-adf0-59acb03ffe84, tp6ef2bda8-a755-4ceb-977b-d4ba96c74441, 74fe9d43-63b0-4721-83a4-3550f020b6ce, ANR2DA8CED20, (Point, 55.44116384, -4.59223488), 57.25657454, 1705929426, 1705929426, 98, auto, 554.56536442, 12, 1.30000000, 9.52178286, 0, 1.80000000, 0.09123246, 9.44192512, -0.49722453, -0.19828366, 9.41456326
fd92d4ed-a7fd-4b0c-adf0-59acb03ffe84, tp541ddc06-ea2e-45a6-a706-0fcdeeb9a6ab, 74fe9d43-63b0-4721-83a4-3550f020b6ce, ANR2DA8CED20, (Point, 55.44142508, -4.59215784), 57.25603837, 1705929427, 1705929427, 98, auto, 554.00214825, 12, 1.30000000, 9.57810833, 0, 1.80000000, 0.06446461, 9.49758889, -0.49843315, -0.19806262, 9.48044324
fd92d4ed-a7fd-4b0c-adf0-59acb03ffe84, tpa36e9de1-1c9f-45a0-95d7-16583145b4f8, 74fe9d43-63b0-4721-83a4-3550f020b6ce, ANR2DA8CED20, (Point, 55.44168628, -4.59208038), 57.25553763, 1705929428, 1705929428, 98, auto, 553.36570861, 12, 1.30000000, 9.62516184, 0, 1.80000000, 0.03847812, 9.54244173, -0.53882821, -0.21484453, 9.53618755
fd92d4ed-a7fd-4b0c-adf0-59acb03ffe84, tp0c80f44e-1702-4be3-a280-a1d5bbd65f9a, 74fe9d43-63b0-4721-83a4-3550f020b6ce, ANR2DA8CED20, (Point, 55.44194748, -4.59200258), 57.25859948, 1705929429, 1705929429, 98, auto, 552.32759373, 12, 1.30000000, 9.66452214, 0, 1.80000000, 0.02095368, 9.58461387, -0.57577942, -0.23631203, 9.58258900
fd92d4ed-a7fd-4b0c-adf0-59acb03ffe84, tpa07145ea-b1e5-422e-bb5c-3d6d7c90236c, 74fe9d43-63b0-4721-83a4-3550f020b6ce, ANR2DA8CED20, (Point, 55.44220864, -4.59192448), 57.25898006, 1705929430, 1705929430, 97, auto, 551.76966183, 12, 1.30000000, 9.69918457, 0, 1.80000000, 0.00601565, 9.61868791, -0.59258202, -0.24541682, 9.62356422
fd92d4ed-a7fd-4b0c-adf0-59acb03ffe84, tpf398fd46-4afb-45fc-840d-c5821b141a36, 74fe9d43-63b0-4721-83a4-3550f020b6ce, ANR2DA8CED20, (Point, 55.44246978, -4.59184612), 57.26065552, 1705929431, 1705929431, 97, auto, 551.87081789, 12, 1.30000000, 9.72822529, 0, 1.80000000, -0.00964029, 9.64852280, -0.61834112, -0.25825925, 9.65738883
fd92d4ed-a7fd-4b0c-adf0-59acb03ffe84, tp36ff7ef9-a89f-4264-9437-dbf63c0beb31, 74fe9d43-63b0-4721-83a4-3550f020b6ce, ANR2DA8CED20, (Point, 55.44273091, -4.59176753), 57.26072990, 1705929432, 1705929432, 97, auto, 550.63895901, 12, 1.30000000, 9.75293699, 0, 1.80000000, -0.01864819, 9.67377491, -0.61738937, -0.25852146, 9.68695485
fd92d4ed-a7fd-4b0c-adf0-59acb03ffe84, tp9a43c706-724d-4cbb-84bb-be8c0e1f5075, 74fe9d43-63b0-4721-83a4-3550f020b6ce, ANR2DA8CED20, (Point, 55.44299199, -4.59168877), 57.25948272, 1705929433, 1705929433, 97, auto, 550.39785331, 12, 1.30000000, 9.77523166, 0, 1.80000000, -0.03102614, 9.69310767, -0.63516965, -0.26464926, 9.71203740
fd92d4ed-a7fd-4b0c-adf0-59acb03ffe84, tp78258209-4783-405c-b547-22d253663c7e, 74fe9d43-63b0-4721-83a4-3550f020b6ce, ANR2DA8CED20, (Point, 55.44325048, -4.59161063), 57.26028586, 1705929434, 1705929434, 97, auto, 549.71811181, 12, 1.30000000, 9.79278133, 0, 1.80000000, -0.04012983, 9.71192565, -0.65028525, -0.27034536, 9.73263134
fd92d4ed-a7fd-4b0c-adf0-59acb03ffe84, tpfab53f2e-0211-4814-9271-4ad37648c84d, 74fe9d43-63b0-4721-83a4-3550f020b6ce, ANR2DA8CED20, (Point, 55.44351154, -4.59153158), 57.26110328, 1705929435, 1705929435, 97, auto, 548.73672249, 12, 1.30000000, 9.80764513, 0, 1.80000000, -0.04615761, 9.72694994, -0.64614735, -0.27345563, 9.75110895
fd92d4ed-a7fd-4b0c-adf0-59acb03ffe84, tp0d951578-7ed3-40fd-ace8-7e13d278fac4, 74fe9d43-63b0-4721-83a4-3550f020b6ce, ANR2DA8CED20, (Point, 55.44377262, -4.59145241), 57.26365349, 1705929436, 1705929436, 97, auto, 547.79799541, 12, 1.30000000, 9.81969435, 0, 1.80000000, -0.05537548, 9.74197236, -0.66450046, -0.28246666, 9.76574127
fd92d4ed-a7fd-4b0c-adf0-59acb03ffe84, tp02918902-af3e-4fbb-81ad-1fae3cf3e88e, 74fe9d43-63b0-4721-83a4-3550f020b6ce, ANR2DA8CED20, (Point, 55.44403365, -4.59137315), 57.25814760, 1705929437, 1705929437, 97, auto, 546.83847562, 12, 1.30000000, 9.83346370, 0, 1.80000000, -0.05739118, 9.74956662, -0.64488694, -0.27277960, 9.77958663
fd92d4ed-a7fd-4b0c-adf0-59acb03ffe84, tp74022672-efb8-4250-aaf0-e4824f044130, 74fe9d43-63b0-4721-83a4-3550f020b6ce, ANR2DA8CED20, (Point, 55.44429472, -4.59129379), 57.26322087, 1705929438, 1705929438, 97, auto, 546.33165278, 12, 1.30000000, 9.84023489, 0, 1.80000000, -0.06346366, 9.76166504, -0.66126967, -0.28263287, 9.79018806
fd92d4ed-a7fd-4b0c-adf0-59acb03ffe84, tp19d43aae-b239-42f2-aa8c-635bc5c31079, 74fe9d43-63b0-4721-83a4-3550f020b6ce, ANR2DA8CED20, (Point, 55.44455576, -4.59121437), 57.26278708, 1705929439, 1705929439, 97, auto, 545.18643531, 12, 1.30000000, 9.84858799, 0, 1.80000000, -0.06669425, 9.76976296, -0.65798684, -0.28173543, 9.79926307
fd92d4ed-a7fd-4b0c-adf0-59acb03ffe84, tp9b50850a-4d53-48fe-9f22-2818b58bf435, 74fe9d43-63b0-4721-83a4-3550f020b6ce, ANR2DA8CED20, (Point, 55.44481679, -4.59113489), 57.26199390, 1705929440, 1705929440, 97, auto, 544.46649285, 12, 1.30000000, 9.85554562, 0, 1.80000000, -0.06964488, 9.77564148, -0.66018856, -0.27991010, 9.80784084
fd92d4ed-a7fd-4b0c-adf0-59acb03ffe84, tpc913e5f3-33f4-496d-a4fa-952ea476cd83, 74fe9d43-63b0-4721-83a4-3550f020b6ce, ANR2DA8CED20, (Point, 55.44507782, -4.59105536), 57.26188743, 1705929441, 1705929441, 97, auto, 543.36250540, 12, 1.30000000, 9.86144825, 0, 1.80000000, -0.07233490, 9.78158594, -0.65935701, -0.27982516, 9.81423537
fd92d4ed-a7fd-4b0c-adf0-59acb03ffe84, tp5b7c0c01-f247-42b1-afcf-f7b22a0e9a59, 74fe9d43-63b0-4721-83a4-3550f020b6ce, ANR2DA8CED20, (Point, 55.44533884, -4.59097579), 57.26057341, 1705929442, 1705929442, 97, auto, 542.17194483, 12, 1.30000000, 9.86599002, 0, 1.80000000, -0.08180952, 9.78334835, -0.66865112, -0.28158428, 9.81995486
fd92d4ed-a7fd-4b0c-adf0-59acb03ffe84, tpbab7b5ee-4569-4aed-abc4-1e3b79554fc2, 74fe9d43-63b0-4721-83a4-3550f020b6ce, ANR2DA8CED20, (Point, 55.44559988, -4.59089618), 57.26290001, 1705929443, 1705929443, 97, auto, 542.14242939, 12, 1.30000000, 9.86827448, 0, 1.80000000, -0.07795661, 9.78903717, -0.66659218, -0.28464055, 9.82293656
fd92d4ed-a7fd-4b0c-adf0-59acb03ffe84, tp9c41ebfc-6f24-4cde-90e4-7381c3114aba, 74fe9d43-63b0-4721-83a4-3550f020b6ce, ANR2DA8CED20, (Point, 55.44586090, -4.59081656), 57.26216429, 1705929444, 1705929444, 97, auto, 541.79610173, 12, 1.30000000, 9.87187111, 0, 1.80000000, -0.07818950, 9.79160143, -0.66323705, -0.28062119, 9.82725573
fd92d4ed-a7fd-4b0c-adf0-59acb03ffe84, tpde609483-c0ec-492f-8dd4-4a5c05801190, 74fe9d43-63b0-4721-83a4-3550f020b6ce, ANR2DA8CED20, (Point, 55.44612191, -4.59073691), 57.26130496, 1705929445, 1705929445, 97, auto, 540.94842194, 12, 1.30000000, 9.87562955, 0, 1.80000000, -0.07947358, 9.79424919, -0.66305536, -0.28255498, 9.82990498
fd92d4ed-a7fd-4b0c-adf0-59acb03ffe84, tpebe57da5-aead-4570-9aac-5d2561bd6164, 74fe9d43-63b0-4721-83a4-3550f020b6ce, ANR2DA8CED20, (Point, 55.44638293, -4.59065723), 57.26141101, 1705929446, 1705929446, 97, auto, 540.22183231, 12, 1.30000000, 9.87829011, 0, 1.80000000, -0.08256960, 9.79687505, -0.66696002, -0.28348965, 9.83348271
fd92d4ed-a7fd-4b0c-adf0-59acb03ffe84, tp11100cae-1b47-45ad-a458-42c89d283dcf, 74fe9d43-63b0-4721-83a4-3550f020b6ce, ANR2DA8CED20, (Point, 55.44664394, -4.59057753), 57.26093520, 1705929447, 1705929447, 97, auto, 538.84632259, 12, 1.30000000, 9.88077326, 0, 1.80000000, -0.08300034, 9.79967166, -0.66021381, -0.28056534, 9.83593901
fd92d4ed-a7fd-4b0c-adf0-59acb03ffe84, tp63c02e81-7c49-44ad-82b3-adbb2c5857c9, 74fe9d43-63b0-4721-83a4-3550f020b6ce, ANR2DA8CED20, (Point, 55.44690494, -4.59049782), 57.25819832, 1705929448, 1705929448, 97, auto, 538.13798568, 12, 1.30000000, 9.88423648, 0, 1.80000000, -0.08464094, 9.79948867, -0.66428652, -0.27848857, 9.83903270
fd92d4ed-a7fd-4b0c-adf0-59acb03ffe84, tp6fce1d16-2c3d-4316-a981-3c8a6ec25635, 74fe9d43-63b0-4721-83a4-3550f020b6ce, ANR2DA8CED20, (Point, 55.44716597, -4.59041808), 57.26018683, 1705929449, 1705929449, 97, auto, 537.57613604, 12, 1.30000000, 9.88460631, 0, 1.80000000, -0.08527248, 9.80260888, -0.66549005, -0.27953175, 9.84055255
fd92d4ed-a7fd-4b0c-adf0-59acb03ffe84, tp58f6b6c2-7329-43fc-8930-9681dbd9b44d, 74fe9d43-63b0-4721-83a4-3550f020b6ce, ANR2DA8CED20, (Point, 55.44742699, -4.59033834), 57.26251250, 1705929450, 1705929450, 97, auto, 536.72701199, 12, 1.30000000, 9.88486633, 0, 1.80000000, -0.08588666, 9.80513111, -0.66569958, -0.27894448, 9.84201901
fd92d4ed-a7fd-4b0c-adf0-59acb03ffe84, tpf2cf4e4f-dfd9-4263-b6ef-cd21497289b6, 74fe9d43-63b0-4721-83a4-3550f020b6ce, ANR2DA8CED20, (Point, 55.44768800, -4.59025858), 57.26150994, 1705929451, 1705929451, 97, auto, 535.84817119, 12, 1.30000000, 9.88632861, 0, 1.80000000, -0.08519058, 9.80586298, -0.66285897, -0.28098115, 9.84333114
fd92d4ed-a7fd-4b0c-adf0-59acb03ffe84, tpb90f05ed-a476-4000-b1b2-df80301aec60, 74fe9d43-63b0-4721-83a4-3550f020b6ce, ANR2DA8CED20, (Point, 55.44794900, -4.59017881), 57.26113876, 1705929452, 1705929452, 97, auto, 534.75119696, 12, 1.30000000, 9.88763828, 0, 1.80000000, -0.08757557, 9.80612500, -0.66973043, -0.28549603, 9.84496705
fd92d4ed-a7fd-4b0c-adf0-59acb03ffe84, tpe63fd340-0a04-4a73-8eeb-e50ea4f39589, 74fe9d43-63b0-4721-83a4-3550f020b6ce, ANR2DA8CED20, (Point, 55.44821001, -4.59009904), 57.26117123, 1705929453, 1705929453, 97, auto, 533.22769821, 12, 1.30000000, 9.88838369, 0, 1.80000000, -0.08572627, 9.80735975, -0.66124625, -0.28222601, 9.84589693
fd92d4ed-a7fd-4b0c-adf0-59acb03ffe84, tp22c8f680-c387-46ee-8111-0f8331bd5ab9, 74fe9d43-63b0-4721-83a4-3550f020b6ce, ANR2DA8CED20, (Point, 55.44847103, -4.59001925), 57.26312686, 1705929454, 1705929454, 97, auto, 531.86986746, 12, 1.30000000, 9.88794878, 0, 1.80000000, -0.08719602, 9.80911005, -0.66736769, -0.28570877, 9.84624049
fd92d4ed-a7fd-4b0c-adf0-59acb03ffe84, tp4e8c4a9f-dcff-4cac-88c8-a373a6e37e5f, 74fe9d43-63b0-4721-83a4-3550f020b6ce, ANR2DA8CED20, (Point, 55.44873202, -4.58993947), 57.26117538, 1705929455, 1705929455, 97, auto, 530.88512467, 12, 1.30000000, 9.88976702, 0, 1.80000000, -0.08788951, 9.80822232, -0.66468142, -0.28145294, 9.84735928
fd92d4ed-a7fd-4b0c-adf0-59acb03ffe84, tp27973d7b-5c04-4196-8495-7c777e64d1af, 74fe9d43-63b0-4721-83a4-3550f020b6ce, ANR2DA8CED20, (Point, 55.44899303, -4.58985968), 57.26185308, 1705929456, 1705929456, 97, auto, 529.32015586, 12, 1.30000000, 9.88986225, 0, 1.80000000, -0.09502746, 9.80886340, -0.72556328, -0.30912991, 9.84769721
fd92d4ed-a7fd-4b0c-adf0-59acb03ffe84, tpbcf224f3-127b-4b03-b959-c512ed4f6244, 74fe9d43-63b0-4721-83a4-3550f020b6ce, ANR2DA8CED20, (Point, 55.44925405, -4.58977989), 57.26549663, 1705929457, 1705929457, 97, auto, 527.94422443, 12, 1.30000000, 9.88903373, 0, 1.80000000, -0.08769411, 9.80714601, -0.84164626, -0.36812494, 9.84847867
fd92d4ed-a7fd-4b0c-adf0-59acb03ffe84, tp84cb8d03-59f6-4057-ae3e-013db36c5500, 74fe9d43-63b0-4721-83a4-3550f020b6ce, ANR2DA8CED20, (Point, 55.44951509, -4.58970009), 57.26802522, 1705929458, 1705929458, 97, auto, 527.57736831, 12, 1.30000000, 9.88944336, 0, 1.80000000, -0.08619327, 9.80792337, -0.92737464, -0.41631317, 9.84656608
fd92d4ed-a7fd-4b0c-adf0-59acb03ffe84, tp1e51fc62-9d16-48a9-8ac4-77dd082e9aa8, 74fe9d43-63b0-4721-83a4-3550f020b6ce, ANR2DA8CED20, (Point, 55.44977615, -4.58962029), 57.27244272, 1705929459, 1705929459, 96, auto, 526.33509430, 12, 1.30000000, 9.88886497, 0, 1.80000000, -0.08867906, 9.80904100, -1.00299726, -0.45447068, 9.84754961
fd92d4ed-a7fd-4b0c-adf0-59acb03ffe84, tpbebfd826-6301-4fd4-addf-be170802ba67, 74fe9d43-63b0-4721-83a4-3550f020b6ce, ANR2DA8CED20, (Point, 55.45003722, -4.58954047), 57.27619339, 1705929460, 1705929460, 96, auto, 525.91623450, 12, 1.30000000, 9.88752369, 0, 1.80000000, -0.08609522, 9.81128865, -1.04468405, -0.48000632, 9.84746892
fd92d4ed-a7fd-4b0c-adf0-59acb03ffe84, tp0e06bdc0-2618-4ed8-b905-72542ec797c3, 74fe9d43-63b0-4721-83a4-3550f020b6ce, ANR2DA8CED20, (Point, 55.45029826, -4.58946066), 57.27539413, 1705929461, 1705929461, 96, auto, 524.20986671, 12, 1.30000000, 9.88918207, 0, 1.80000000, -0.09019418, 9.81022004, -1.09371881, -0.50018603, 9.84788690
fd92d4ed-a7fd-4b0c-adf0-59acb03ffe84, tp0c5e37df-4141-412e-a86b-572a6cf5e9b8, 74fe9d43-63b0-4721-83a4-3550f020b6ce, ANR2DA8CED20, (Point, 55.45055932, -4.58938085), 57.27502297, 1705929462, 1705929462, 96, auto, 523.47770457, 12, 1.30000000, 9.88970421, 0, 1.80000000, -0.08865590, 9.80996470, -1.11505293, -0.51431125, 9.84814107
fd92d4ed-a7fd-4b0c-adf0-59acb03ffe84, tpb4802ca9-c720-4e5e-ad39-2f8e0e7b3cbb, 74fe9d43-63b0-4721-83a4-3550f020b6ce, ANR2DA8CED20, (Point, 55.45082039, -4.58930103), 57.27644971, 1705929463, 1705929463, 96, auto, 522.20755284, 12, 1.30000000, 9.88960883, 0, 1.80000000, -0.08951384, 9.81058339, -1.13522212, -0.52428844, 9.84836335
fd92d4ed-a7fd-4b0c-adf0-59acb03ffe84, tpb17d34e9-15db-4fc4-aef6-1b726f904a41, 74fe9d43-63b0-4721-83a4-3550f020b6ce, ANR2DA8CED20, (Point, 55.45108147, -4.58922120), 57.27702483, 1705929464, 1705929464, 96, auto, 521.68266023, 12, 1.30000000, 9.88948930, 0, 1.80000000, -0.08884161, 9.81069694, -1.14601638, -0.53075253, 9.84885446
fd92d4ed-a7fd-4b0c-adf0-59acb03ffe84, tp0b60f1c7-8952-4614-88c6-e4d9c5314cfb, 74fe9d43-63b0-4721-83a4-3550f020b6ce, ANR2DA8CED20, (Point, 55.45134252, -4.58914138), 57.27597085, 1705929465, 1705929465, 96, auto, 520.04709147, 12, 1.30000000, 9.89037135, 0, 1.80000000, -0.08788874, 9.80939307, -1.15283549, -0.53402207, 9.84874993
fd92d4ed-a7fd-4b0c-adf0-59acb03ffe84, tp120a223b-d303-47f7-82a9-683e104c62c9, 74fe9d43-63b0-4721-83a4-3550f020b6ce, ANR2DA8CED20, (Point, 55.45160360, -4.58906156), 57.27521473, 1705929466, 1705929466, 96, auto, 517.93212194, 12, 1.30000000, 9.89105902, 0, 1.80000000, -0.09027866, 9.80885913, -1.16879851, -0.53930264, 9.84859525
fd92d4ed-a7fd-4b0c-adf0-59acb03ffe84, tp584730ae-a277-4c3f-bf45-76d25d37e377, 74fe9d43-63b0-4721-83a4-3550f020b6ce, ANR2DA8CED20, (Point, 55.45186467, -4.58898173), 57.27464119, 1705929467, 1705929467, 96, auto, 515.55480419, 12, 1.30000000, 9.89165584, 0, 1.80000000, -0.08881678, 9.80853338, -1.16652427, -0.53802352, 9.84835467
fd92d4ed-a7fd-4b0c-adf0-59acb03ffe84, tpe0e5c775-bfc0-4ffa-9007-039cce251248, 74fe9d43-63b0-4721-83a4-3550f020b6ce, ANR2DA8CED20, (Point, 55.45212575, -4.58890190), 57.27537966, 1705929468, 1705929468, 96, auto, 514.24754655, 12, 1.30000000, 9.89133363, 0, 1.80000000, -0.08927390, 9.80949461, -1.17443698, -0.54584287, 9.84847965
fd92d4ed-a7fd-4b0c-adf0-59acb03ffe84, tp2a93eccc-bb8e-4b2d-a66a-76d70024b74a, 74fe9d43-63b0-4721-83a4-3550f020b6ce, ANR2DA8CED20, (Point, 55.45238682, -4.58882206), 57.27485744, 1705929469, 1705929469, 96, auto, 512.75444885, 12, 1.30000000, 9.89190345, 0, 1.80000000, -0.09090737, 9.80865471, -1.18163424, -0.54611613, 9.84902700
fd92d4ed-a7fd-4b0c-adf0-59acb03ffe84, tp3934aba6-bcaa-4660-99ae-7e0eccbb9fe7, 74fe9d43-63b0-4721-83a4-3550f020b6ce, ANR2DA8CED20, (Point, 55.45264791, -4.58874222), 57.27633085, 1705929470, 1705929470, 96, auto, 511.87504850, 12, 1.30000000, 9.89062422, 0, 1.80000000, -0.09849228, 9.80997809, -1.18388247, -0.54625337, 9.84873889
fd92d4ed-a7fd-4b0c-adf0-59acb03ffe84, tp66fbff94-f2e6-4b66-9c73-dfea5b13864b, 74fe9d43-63b0-4721-83a4-3550f020b6ce, ANR2DA8CED20, (Point, 55.45290897, -4.58866240), 57.27318258, 1705929471, 1705929471, 96, auto, 510.78654818, 12, 1.30000000, 9.89101853, 0, 1.80000000, -0.09105701, 9.80614476, -1.18166897, -0.54328499, 9.84920169
fd92d4ed-a7fd-4b0c-adf0-59acb03ffe84, tpb328fbcb-c86a-4c66-9cf1-06d14177e6ee, 74fe9d43-63b0-4721-83a4-3550f020b6ce, ANR2DA8CED20, (Point, 55.45317007, -4.58858257), 57.27687249, 1705929472, 1705929472, 96, auto, 508.44149437, 12, 1.30000000, 9.88887614, 0, 1.80000000, -0.08898671, 9.80827473, -1.18193880, -0.54703497, 9.84699102
fd92d4ed-a7fd-4b0c-adf0-59acb03ffe84, tp8de8ac57-c7cc-4e9c-82aa-a702953c82be, 74fe9d43-63b0-4721-83a4-3550f020b6ce, ANR2DA8CED20, (Point, 55.45343114, -4.58850274), 57.27543699, 1705929473, 1705929473, 96, auto, 506.42569605, 12, 1.30000000, 9.88968675, 0, 1.80000000, -0.08942625, 9.80739626, -1.18256679, -0.54766634, 9.84737581
fd92d4ed-a7fd-4b0c-adf0-59acb03ffe84, tpba64c1dc-c3d0-43cd-8202-70850f8bc44a, 74fe9d43-63b0-4721-83a4-3550f020b6ce, ANR2DA8CED20, (Point, 55.45369222, -4.58842292), 57.27582073, 1705929474, 1705929474, 96, auto, 504.66342620, 12, 1.30000000, 9.88932652, 0, 1.80000000, -0.08718867, 9.80788648, -1.17247803, -0.54517809, 9.84720375
fd92d4ed-a7fd-4b0c-adf0-59acb03ffe84, tpe2f407af-387c-4437-9642-f53ba152958c, 74fe9d43-63b0-4721-83a4-3550f020b6ce, ANR2DA8CED20, (Point, 55.45395331, -4.58834308), 57.27719142, 1705929475, 1705929475, 96, auto, 503.14317612, 12, 1.30000000, 9.88859780, 0, 1.80000000, -0.08975612, 9.80835925, -1.18840078, -0.55255165, 9.84736014
fd92d4ed-a7fd-4b0c-adf0-59acb03ffe84, tp13cd9821-fb5e-49a9-b367-c71070b514b6, 74fe9d43-63b0-4721-83a4-3550f020b6ce, ANR2DA8CED20, (Point, 55.45421439, -4.58826325), 57.27746497, 1705929476, 1705929476, 96, auto, 501.72616605, 12, 1.30000000, 9.88858019, 0, 1.80000000, -0.08982187, 9.80861335, -1.18847886, -0.55129434, 9.84702999
fd92d4ed-a7fd-4b0c-adf0-59acb03ffe84, tp739ae777-b2bb-42fc-aaec-d4da3f1b1211, 74fe9d43-63b0-4721-83a4-3550f020b6ce, ANR2DA8CED20, (Point, 55.45447546, -4.58818342), 57.27690352, 1705929477, 1705929477, 96, auto, 499.83026378, 12, 1.30000000, 9.88892937, 0, 1.80000000, -0.08913889, 9.80813181, -1.18483745, -0.55027854, 9.84724128
fd92d4ed-a7fd-4b0c-adf0-59acb03ffe84, tp2a3d5381-5fce-4623-ae69-9c0ce21d4b62, 74fe9d43-63b0-4721-83a4-3550f020b6ce, ANR2DA8CED20, (Point, 55.45473654, -4.58810359), 57.27596686, 1705929478, 1705929478, 96, auto, 498.25255401, 12, 1.30000000, 9.88913870, 0, 1.80000000, -0.08630933, 9.80792101, -1.17164704, -0.54427874, 9.84705122
fd92d4ed-a7fd-4b0c-adf0-59acb03ffe84, tpd922ac72-6dd4-4728-a435-c0fea8e91fa4, 74fe9d43-63b0-4721-83a4-3550f020b6ce, ANR2DA8CED20, (Point, 55.45499764, -4.58802374), 57.27956611, 1705929479, 1705929479, 96, auto, 496.43941025, 12, 1.30000000, 9.88739373, 0, 1.80000000, -0.08866152, 9.81021215, -1.18811485, -0.55390371, 9.84682259
fd92d4ed-a7fd-4b0c-adf0-59acb03ffe84, tp52334fe4-b74b-442e-9d18-00e86e43bc20, 74fe9d43-63b0-4721-83a4-3550f020b6ce, ANR2DA8CED20, (Point, 55.45525869, -4.58794392), 57.27490866, 1705929480, 1705929480, 96, auto, 495.77133228, 12, 1.30000000, 9.89005527, 0, 1.80000000, -0.08940761, 9.80753761, -1.18541032, -0.54834773, 9.84706773
fd92d4ed-a7fd-4b0c-adf0-59acb03ffe84, tpaf47f0ad-ae9a-4644-a818-a12520d825e9, 74fe9d43-63b0-4721-83a4-3550f020b6ce, ANR2DA8CED20, (Point, 55.45551979, -4.58786408), 57.27829287, 1705929481, 1705929481, 96, auto, 493.68831584, 12, 1.30000000, 9.88842270, 0, 1.80000000, -0.09049594, 9.80942099, -1.19371421, -0.55434704, 9.84747163
